t	v
0	-60
0.1	-62.5826
0.2	-64.6234
0.3	-66.1747
0.4	-67.3429
0.5	-68.2204
0.6	-68.8791
0.7	-69.3736
0.8	-69.7446
0.9	-70.0227
1	-70.231
1.1	-70.3866
1.2	-70.5025
1.3	-70.5883
1.4	-70.6514
1.5	-70.6974
1.6	-70.7303
1.7	-70.7534
1.8	-70.769
1.9	-70.7791
2	-70.7849
2.1	-70.7875
2.2	-70.7878
2.3	-70.7864
2.4	-70.7837
2.5	-70.7802
2.6	-70.776
2.7	-70.7715
2.8	-70.7667
2.9	-70.7619
3	-70.757
3.1	-70.7522
3.2	-70.7476
3.3	-70.7431
3.4	-70.7388
3.5	-70.7346
3.6	-70.7307
3.7	-70.727
3.8	-70.7235
3.9	-70.7201
4	-70.717
4.1	-70.717
4.2	-70.7169
4.3	-70.7169
4.4	-70.7169
4.5	-70.7168
4.6	-70.7168
4.7	-70.7168
4.8	-70.7167
4.9	-70.7167
5	-70.7166
5.1	-70.7166
5.2	-70.7166
5.3	-70.7165
5.4	-70.7165
5.5	-70.7164
5.6	-70.7164
5.7	-70.7164
5.8	-70.7163
5.9	-70.7163
6	-70.7163
6.1	-70.7162
6.2	-70.7162
6.3	-70.7161
6.4	-70.7161
6.5	-70.7161
6.6	-70.716
6.7	-70.716
6.8	-70.716
6.9	-70.7159
7	-70.7159
7.1	-70.7158
7.2	-70.7158
7.3	-70.7158
7.4	-70.7157
7.5	-70.7157
7.6	-70.7157
7.7	-70.7156
7.8	-70.7156
7.9	-70.7155
8	-70.7155
8.1	-70.7155
8.2	-70.7154
8.3	-70.7154
8.4	-70.7154
8.5	-70.7153
8.6	-70.7153
8.7	-70.7152
8.8	-70.7152
8.9	-70.7152
9	-70.7151
9.1	-70.7151
9.2	-70.7151
9.3	-70.715
9.4	-70.715
9.5	-70.715
9.6	-70.7149
9.7	-70.7149
9.8	-70.7148
9.9	-70.7148
10	-70.7148
10.1	-70.7147
10.2	-70.7147
10.3	-70.7147
10.4	-70.7146
10.5	-70.7146
10.6	-70.7146
10.7	-70.7145
10.8	-70.7145
10.9	-70.7144
11	-70.7144
11.1	-70.7144
11.2	-70.7143
11.3	-70.7143
11.4	-70.7143
11.5	-70.7142
11.6	-70.7142
11.7	-70.7142
11.8	-70.7141
11.9	-70.7141
12	-70.7141
12.1	-70.714
12.2	-70.714
12.3	-70.714
12.4	-70.7139
12.5	-70.7139
12.6	-70.7138
12.7	-70.7138
12.8	-70.7138
12.9	-70.7137
13	-70.7137
13.1	-70.7137
13.2	-70.7136
13.3	-70.7136
13.4	-70.7136
13.5	-70.7135
13.6	-70.7135
13.7	-70.7135
13.8	-70.7134
13.9	-70.7134
14	-70.7134
14.1	-70.7133
14.2	-70.7133
14.3	-70.7133
14.4	-70.7132
14.5	-70.7132
14.6	-70.7132
14.7	-70.7131
14.8	-70.7131
14.9	-70.7131
15	-70.713
15.1	-70.713
15.2	-70.713
15.3	-70.7129
15.4	-70.7129
15.5	-70.7129
15.6	-70.7128
15.7	-70.7128
15.8	-70.7128
15.9	-70.7127
16	-70.7127
16.1	-70.7127
16.2	-70.7126
16.3	-70.7126
16.4	-70.7126
16.5	-70.7125
16.6	-70.7125
16.7	-70.7003
16.8	-70.6591
16.9	-70.6008
17	-70.515
17.1	-70.3977
17.2	-70.2731
17.3	-70.1485
17.4	-70.03
17.5	-69.9192
17.6	-69.8176
17.7	-69.725
17.8	-69.6414
17.9	-69.5659
18	-69.498
18.1	-69.4368
18.2	-69.3817
18.3	-69.3319
18.4	-69.2868
18.5	-69.2459
18.6	-69.2086
18.7	-69.1745
18.8	-69.1433
18.9	-69.1145
19	-69.0879
19.1	-69.0633
19.2	-69.0405
19.3	-69.0191
19.4	-68.9992
19.5	-68.9805
19.6	-68.963
19.7	-68.9436
19.8	-68.9207
19.9	-68.8957
20	-68.8688
20.1	-68.8405
20.2	-68.8113
20.3	-68.7812
20.4	-68.7507
20.5	-68.7198
20.6	-68.6888
20.7	-68.6578
20.8	-68.6269
20.9	-68.5962
21	-68.5658
21.1	-68.5358
21.2	-68.5063
21.3	-68.4773
21.4	-68.4489
21.5	-68.4211
21.6	-68.394
21.7	-68.3675
21.8	-68.3417
21.9	-68.3166
22	-68.2922
22.1	-68.2685
22.2	-68.2456
22.3	-68.2235
22.4	-68.202
22.5	-68.1813
22.6	-68.1614
22.7	-68.1422
22.8	-68.1236
22.9	-68.1058
23	-68.0887
23.1	-68.0723
23.2	-68.0566
23.3	-68.0415
23.4	-68.0271
23.5	-68.0133
23.6	-68.0002
23.7	-67.9877
23.8	-67.9758
23.9	-67.9644
24	-67.9537
24.1	-67.9435
24.2	-67.9339
24.3	-67.9248
24.4	-67.9162
24.5	-67.9081
24.6	-67.9005
24.7	-67.8934
24.8	-67.8868
24.9	-67.8806
25	-67.8749
25.1	-67.8696
25.2	-67.8647
25.3	-67.8603
25.4	-67.8534
25.5	-67.8424
25.6	-67.8289
25.7	-67.8131
25.8	-67.7956
25.9	-67.7767
26	-67.7568
26.1	-67.736
26.2	-67.7147
26.3	-67.693
26.4	-67.671
26.5	-67.6489
26.6	-67.6269
26.7	-67.605
26.8	-67.5833
26.9	-67.5619
27	-67.5408
27.1	-67.5201
27.2	-67.4999
27.3	-67.4802
27.4	-67.4611
27.5	-67.4424
27.6	-67.4244
27.7	-67.4069
27.8	-67.39
27.9	-67.3738
28	-67.3581
28.1	-67.3431
28.2	-67.3287
28.3	-67.315
28.4	-67.3018
28.5	-67.2893
28.6	-67.2773
28.7	-67.266
28.8	-67.2552
28.9	-67.2451
29	-67.2355
29.1	-67.2264
29.2	-67.218
29.3	-67.21
29.4	-67.2026
29.5	-67.1958
29.6	-67.1894
29.7	-67.1835
29.8	-67.1781
29.9	-67.1732
30	-67.1688
30.1	-67.1647
30.2	-67.1612
30.3	-67.158
30.4	-67.1553
30.5	-67.153
30.6	-67.1511
30.7	-67.1482
30.8	-67.1426
30.9	-67.1345
31	-67.1242
31.1	-67.112
31.2	-67.0982
31.3	-67.083
31.4	-67.0668
31.5	-67.0498
31.6	-67.032
31.7	-67.0138
31.8	-66.9953
31.9	-66.9766
32	-66.9578
32.1	-66.9391
32.2	-66.9205
32.3	-66.9022
32.4	-66.8841
32.5	-66.8665
32.6	-66.8492
32.7	-66.8323
32.8	-66.8159
32.9	-66.8001
33	-66.7848
33.1	-66.77
33.2	-66.7558
33.3	-66.7422
33.4	-66.7291
33.5	-66.7167
33.6	-66.7049
33.7	-66.6936
33.8	-66.6829
33.9	-66.6729
34	-66.6634
34.1	-66.6545
34.2	-66.6461
34.3	-66.6384
34.4	-66.6311
34.5	-66.6245
34.6	-66.6183
34.7	-66.6127
34.8	-66.6076
34.9	-66.603
35	-66.5989
35.1	-66.5953
35.2	-66.5921
35.3	-66.5894
35.4	-66.5872
35.5	-66.5854
35.6	-66.584
35.7	-66.5831
35.8	-66.5825
35.9	-66.5823
36	-66.5825
36.1	-66.5831
36.2	-66.5841
36.3	-66.5854
36.4	-66.587
36.5	-66.589
36.6	-66.5913
36.7	-66.5939
36.8	-66.5968
36.9	-66.6
37	-66.6035
37.1	-66.6072
37.2	-66.6112
37.3	-66.6155
37.4	-66.6201
37.5	-66.6249
37.6	-66.6299
37.7	-66.6351
37.8	-66.6406
37.9	-66.6463
38	-66.6522
38.1	-66.6583
38.2	-66.6645
38.3	-66.671
38.4	-66.6777
38.5	-66.6845
38.6	-66.6915
38.7	-66.6986
38.8	-66.706
38.9	-66.7134
39	-66.7211
39.1	-66.7288
39.2	-66.7367
39.3	-66.7447
39.4	-66.7529
39.5	-66.7612
39.6	-66.7696
39.7	-66.7781
39.8	-66.7867
39.9	-66.7954
40	-66.8043
40.1	-66.8132
40.2	-66.8222
40.3	-66.8313
40.4	-66.8405
40.5	-66.8498
40.6	-66.8591
40.7	-66.8686
40.8	-66.8781
40.9	-66.8877
41	-66.8973
41.1	-66.907
41.2	-66.9168
41.3	-66.9266
41.4	-66.9365
41.5	-66.9464
41.6	-66.9564
41.7	-66.9665
41.8	-66.9766
41.9	-66.9867
42	-66.9969
42.1	-67.0071
42.2	-67.0173
42.3	-67.0276
42.4	-67.0379
42.5	-67.0482
42.6	-67.0586
42.7	-67.069
42.8	-67.0794
42.9	-67.0899
43	-67.1004
43.1	-67.1109
43.2	-67.1214
43.3	-67.1319
43.4	-67.1424
43.5	-67.153
43.6	-67.1636
43.7	-67.1741
43.8	-67.1847
43.9	-67.1953
44	-67.2059
44.1	-67.2166
44.2	-67.2272
44.3	-67.2378
44.4	-67.2484
44.5	-67.2591
44.6	-67.2697
44.7	-67.2803
44.8	-67.291
44.9	-67.3016
45	-67.3122
45.1	-67.3228
45.2	-67.3335
45.3	-67.3441
45.4	-67.3547
45.5	-67.3653
45.6	-67.3759
45.7	-67.3864
45.8	-67.397
45.9	-67.4076
46	-67.4181
46.1	-67.4287
46.2	-67.4392
46.3	-67.4497
46.4	-67.4602
46.5	-67.4707
46.6	-67.4812
46.7	-67.4916
46.8	-67.5021
46.9	-67.5125
47	-67.5229
47.1	-67.5333
47.2	-67.5437
47.3	-67.5541
47.4	-67.5644
47.5	-67.5747
47.6	-67.585
47.7	-67.5953
47.8	-67.6056
47.9	-67.6158
48	-67.6261
48.1	-67.6363
48.2	-67.6465
48.3	-67.6566
48.4	-67.6668
48.5	-67.6769
48.6	-67.687
48.7	-67.6971
48.8	-67.7071
48.9	-67.7171
49	-67.7272
49.1	-67.7371
49.2	-67.7471
49.3	-67.757
49.4	-67.767
49.5	-67.7768
49.6	-67.7867
49.7	-67.7966
49.8	-67.8064
49.9	-67.8162
50	-67.8259
50.1	-67.8357
50.2	-67.8454
50.3	-67.8551
50.4	-67.8648
50.5	-67.8744
50.6	-67.884
50.7	-67.8936
50.8	-67.9032
50.9	-67.9127
51	-67.9208
51.1	-67.9258
51.2	-67.9279
51.3	-67.9274
51.4	-67.9245
51.5	-67.9197
51.6	-67.9132
51.7	-67.9053
51.8	-67.8961
51.9	-67.8859
52	-67.875
52.1	-67.8633
52.2	-67.8513
52.3	-67.8388
52.4	-67.8261
52.5	-67.8133
52.6	-67.8005
52.7	-67.7876
52.8	-67.7749
52.9	-67.7623
53	-67.75
53.1	-67.7379
53.2	-67.7261
53.3	-67.7146
53.4	-67.7034
53.5	-67.6927
53.6	-67.6823
53.7	-67.6723
53.8	-67.6627
53.9	-67.6535
54	-67.6447
54.1	-67.6364
54.2	-67.6285
54.3	-67.6211
54.4	-67.614
54.5	-67.6074
54.6	-67.6012
54.7	-67.5954
54.8	-67.5901
54.9	-67.5851
55	-67.5805
55.1	-67.5764
55.2	-67.5726
55.3	-67.5692
55.4	-67.5662
55.5	-67.5635
55.6	-67.5612
55.7	-67.5592
55.8	-67.5576
55.9	-67.5563
56	-67.5553
56.1	-67.5547
56.2	-67.5543
56.3	-67.5543
56.4	-67.5545
56.5	-67.5551
56.6	-67.5559
56.7	-67.5569
56.8	-67.5583
56.9	-67.5599
57	-67.5617
57.1	-67.5637
57.2	-67.566
57.3	-67.5686
57.4	-67.5713
57.5	-67.5743
57.6	-67.5774
57.7	-67.5808
57.8	-67.5843
57.9	-67.588
58	-67.592
58.1	-67.596
58.2	-67.6003
58.3	-67.6047
58.4	-67.6093
58.5	-67.614
58.6	-67.6189
58.7	-67.6239
58.8	-67.6291
58.9	-67.6344
59	-67.6398
59.1	-67.6454
59.2	-67.6511
59.3	-67.6569
59.4	-67.6628
59.5	-67.6688
59.6	-67.6749
59.7	-67.6811
59.8	-67.6874
59.9	-67.6938
60	-67.7003
60.1	-67.7069
60.2	-67.7136
60.3	-67.7203
60.4	-67.7272
60.5	-67.7341
60.6	-67.741
60.7	-67.7481
60.8	-67.7552
60.9	-67.7624
61	-67.7696
61.1	-67.7769
61.2	-67.7842
61.3	-67.7916
61.4	-67.7991
61.5	-67.8066
61.6	-67.8141
61.7	-67.8217
61.8	-67.8293
61.9	-67.837
62	-67.8447
62.1	-67.8525
62.2	-67.8603
62.3	-67.8681
62.4	-67.8759
62.5	-67.8838
62.6	-67.8917
62.7	-67.8997
62.8	-67.9076
62.9	-67.9156
63	-67.9236
63.1	-67.9316
63.2	-67.9397
63.3	-67.9477
63.4	-67.9558
63.5	-67.9639
63.6	-67.972
63.7	-67.9801
63.8	-67.9883
63.9	-67.9964
64	-68.0046
64.1	-68.0127
64.2	-68.0209
64.3	-68.0291
64.4	-68.0372
64.5	-68.0454
64.6	-68.0536
64.7	-68.0618
64.8	-68.07
64.9	-68.0782
65	-68.0864
65.1	-68.0946
65.2	-68.1028
65.3	-68.1109
65.4	-68.1191
65.5	-68.1273
65.6	-68.1355
65.7	-68.1437
65.8	-68.1518
65.9	-68.16
66	-68.1682
66.1	-68.1763
66.2	-68.1845
66.3	-68.1926
66.4	-68.2007
66.5	-68.2088
66.6	-68.2169
66.7	-68.225
66.8	-68.2331
66.9	-68.2412
67	-68.2493
67.1	-68.2573
67.2	-68.2654
67.3	-68.2734
67.4	-68.2814
67.5	-68.2894
67.6	-68.2974
67.7	-68.3054
67.8	-68.3133
67.9	-68.3213
68	-68.3292
68.1	-68.3371
68.2	-68.345
68.3	-68.3529
68.4	-68.3608
68.5	-68.3687
68.6	-68.3765
68.7	-68.3843
68.8	-68.3921
68.9	-68.3999
69	-68.4077
69.1	-68.4154
69.2	-68.4232
69.3	-68.4309
69.4	-68.4386
69.5	-68.4463
69.6	-68.4539
69.7	-68.4616
69.8	-68.4692
69.9	-68.4768
70	-68.4844
70.1	-68.492
70.2	-68.4995
70.3	-68.507
70.4	-68.5145
70.5	-68.522
70.6	-68.5295
70.7	-68.537
70.8	-68.5444
70.9	-68.5518
71	-68.5592
71.1	-68.5666
71.2	-68.5739
71.3	-68.5813
71.4	-68.5886
71.5	-68.5959
71.6	-68.6031
71.7	-68.6104
71.8	-68.6176
71.9	-68.6248
72	-68.632
72.1	-68.6392
72.2	-68.6463
72.3	-68.6535
72.4	-68.6606
72.5	-68.6676
72.6	-68.6747
72.7	-68.6818
72.8	-68.6888
72.9	-68.6958
73	-68.7028
73.1	-68.7097
73.2	-68.7167
73.3	-68.7236
73.4	-68.7305
73.5	-68.7373
73.6	-68.7442
73.7	-68.751
73.8	-68.7579
73.9	-68.7646
74	-68.7714
74.1	-68.7782
74.2	-68.7849
74.3	-68.7916
74.4	-68.7983
74.5	-68.805
74.6	-68.8116
74.7	-68.8182
74.8	-68.8248
74.9	-68.8314
75	-68.838
75.1	-68.8445
75.2	-68.851
75.3	-68.8575
75.4	-68.864
75.5	-68.8705
75.6	-68.8769
75.7	-68.8833
75.8	-68.8897
75.9	-68.8961
76	-68.9025
76.1	-68.9088
76.2	-68.9151
76.3	-68.9214
76.4	-68.9277
76.5	-68.9339
76.6	-68.9402
76.7	-68.9464
76.8	-68.9526
76.9	-68.9588
77	-68.9649
77.1	-68.971
77.2	-68.9772
77.3	-68.9832
77.4	-68.9893
77.5	-68.9954
77.6	-69.0014
77.7	-69.0074
77.8	-69.0134
77.9	-69.0194
78	-69.0253
78.1	-69.0313
78.2	-69.0372
78.3	-69.0431
78.4	-69.0489
78.5	-69.0548
78.6	-69.0606
78.7	-69.0664
78.8	-69.0722
78.9	-69.078
79	-69.0838
79.1	-69.0895
79.2	-69.0952
79.3	-69.1009
79.4	-69.1066
79.5	-69.1123
79.6	-69.1179
79.7	-69.1235
79.8	-69.1291
79.9	-69.1347
80	-69.1403
80.1	-69.1458
80.2	-69.1514
80.3	-69.1569
80.4	-69.1624
80.5	-69.1679
80.6	-69.1733
80.7	-69.1787
80.8	-69.1842
80.9	-69.1896
81	-69.1949
81.1	-69.2003
81.2	-69.2057
81.3	-69.211
81.4	-69.2163
81.5	-69.2216
81.6	-69.2269
81.7	-69.2321
81.8	-69.2373
81.9	-69.2426
82	-69.2478
82.1	-69.2529
82.2	-69.2581
82.3	-69.2633
82.4	-69.2684
82.5	-69.2735
82.6	-69.2786
82.7	-69.2837
82.8	-69.2887
82.9	-69.2938
83	-69.2988
83.1	-69.3038
83.2	-69.3088
83.3	-69.3138
83.4	-69.3187
83.5	-69.3237
83.6	-69.3286
83.7	-69.3335
83.8	-69.3384
83.9	-69.3433
84	-69.3481
84.1	-69.353
84.2	-69.3578
84.3	-69.3626
84.4	-69.3674
84.5	-69.3722
84.6	-69.3769
84.7	-69.3817
84.8	-69.3864
84.9	-69.3911
85	-69.3958
85.1	-69.4005
85.2	-69.4051
85.3	-69.4098
85.4	-69.4144
85.5	-69.419
85.6	-69.4236
85.7	-69.4282
85.8	-69.4328
85.9	-69.4373
86	-69.4418
86.1	-69.4464
86.2	-69.4509
86.3	-69.4553
86.4	-69.4598
86.5	-69.4643
86.6	-69.4687
86.7	-69.4731
86.8	-69.4775
86.9	-69.4819
87	-69.4863
87.1	-69.4907
87.2	-69.495
87.3	-69.4994
87.4	-69.5037
87.5	-69.508
87.6	-69.5123
87.7	-69.5165
87.8	-69.5208
87.9	-69.5251
88	-69.5293
88.1	-69.5335
88.2	-69.5377
88.3	-69.5419
88.4	-69.5461
88.5	-69.5502
88.6	-69.5544
88.7	-69.5585
88.8	-69.5626
88.9	-69.5667
89	-69.5708
89.1	-69.5748
89.2	-69.5789
89.3	-69.5829
89.4	-69.587
89.5	-69.591
89.6	-69.595
89.7	-69.599
89.8	-69.603
89.9	-69.6069
90	-69.6109
90.1	-69.6148
90.2	-69.6187
90.3	-69.6226
90.4	-69.6265
90.5	-69.6304
90.6	-69.6342
90.7	-69.6381
90.8	-69.6419
90.9	-69.6458
91	-69.6496
91.1	-69.6534
91.2	-69.6571
91.3	-69.6609
91.4	-69.6647
91.5	-69.6684
91.6	-69.6721
91.7	-69.6759
91.8	-69.6796
91.9	-69.6833
92	-69.6869
92.1	-69.6906
92.2	-69.6943
92.3	-69.6979
92.4	-69.7015
92.5	-69.7051
92.6	-69.7088
92.7	-69.7123
92.8	-69.7159
92.9	-69.7195
93	-69.723
93.1	-69.7266
93.2	-69.7301
93.3	-69.7336
93.4	-69.7371
93.5	-69.7406
93.6	-69.7441
93.7	-69.7476
93.8	-69.751
93.9	-69.7545
94	-69.7579
94.1	-69.7613
94.2	-69.7647
94.3	-69.7681
94.4	-69.7715
94.5	-69.7749
94.6	-69.7782
94.7	-69.7816
94.8	-69.7849
94.9	-69.7882
95	-69.7915
95.1	-69.7948
95.2	-69.7981
95.3	-69.8014
95.4	-69.8047
95.5	-69.8079
95.6	-69.8112
95.7	-69.8144
95.8	-69.8176
95.9	-69.8208
96	-69.824
96.1	-69.8272
96.2	-69.8304
96.3	-69.8336
96.4	-69.8367
96.5	-69.8399
96.6	-69.843
96.7	-69.8461
96.8	-69.8492
96.9	-69.8523
97	-69.8554
97.1	-69.8585
97.2	-69.8616
97.3	-69.8646
97.4	-69.8677
97.5	-69.8707
97.6	-69.8737
97.7	-69.8767
97.8	-69.8797
97.9	-69.8827
98	-69.8857
98.1	-69.8887
98.2	-69.8916
98.3	-69.8946
98.4	-69.8975
98.5	-69.9004
98.6	-69.9034
98.7	-69.9063
98.8	-69.9092
98.9	-69.9121
99	-69.9149
99.1	-69.9178
99.2	-69.9207
99.3	-69.9235
99.4	-69.9263
99.5	-69.9292
99.6	-69.932
99.7	-69.9348
99.8	-69.9376
99.9	-69.9404
