t	v
0	-60
0.1	-62.9103
0.2	-65.0015
0.3	-66.5114
0.4	-67.602
0.5	-68.3904
0.6	-68.9611
0.7	-69.3754
0.8	-69.6768
0.9	-69.8966
1	-70.0572
1.1	-70.1747
1.2	-70.2608
1.3	-70.3237
1.4	-70.3696
1.5	-70.4028
1.6	-70.4267
1.7	-70.4436
1.8	-70.4554
1.9	-70.4632
2	-70.4682
2.1	-70.471
2.2	-70.4722
2.3	-70.4723
2.4	-70.4716
2.5	-70.4703
2.6	-70.4686
2.7	-70.4666
2.8	-70.4645
2.9	-70.4624
3	-70.4602
3.1	-70.4582
3.2	-70.4561
3.3	-70.4542
3.4	-70.4524
3.5	-70.4508
3.6	-70.4492
3.7	-70.4478
3.8	-70.4465
3.9	-70.4453
4	-70.4443
4.1	-70.4442
4.2	-70.4442
4.3	-70.4442
4.4	-70.4442
4.5	-70.4442
4.6	-70.4441
4.7	-70.4441
4.8	-70.4441
4.9	-70.4441
5	-70.4441
5.1	-70.4441
5.2	-70.444
5.3	-70.444
5.4	-70.444
5.5	-70.444
5.6	-70.444
5.7	-70.444
5.8	-70.444
5.9	-70.444
6	-70.4439
6.1	-70.4439
6.2	-70.4439
6.3	-70.4439
6.4	-70.4439
6.5	-70.4439
6.6	-70.4439
6.7	-70.4439
6.8	-70.4438
6.9	-70.4438
7	-70.4438
7.1	-70.4438
7.2	-70.4438
7.3	-70.4438
7.4	-70.4438
7.5	-70.4438
7.6	-70.4437
7.7	-70.4437
7.8	-70.4437
7.9	-70.4437
8	-70.4437
8.1	-70.4437
8.2	-70.4437
8.3	-70.4437
8.4	-70.4436
8.5	-70.4436
8.6	-70.4436
8.7	-70.4436
8.8	-70.4436
8.9	-70.4436
9	-70.4436
9.1	-70.4436
9.2	-70.4436
9.3	-70.4435
9.4	-70.4435
9.5	-70.4435
9.6	-70.4435
9.7	-70.4435
9.8	-70.4435
9.9	-70.4435
10	-70.4435
10.1	-70.4434
10.2	-70.4434
10.3	-70.4434
10.4	-70.4434
10.5	-70.4434
10.6	-70.4434
10.7	-70.4434
10.8	-70.4434
10.9	-70.4434
11	-70.4433
11.1	-70.4433
11.2	-70.4433
11.3	-70.4433
11.4	-70.4433
11.5	-70.4433
11.6	-70.4433
11.7	-70.4433
11.8	-70.4433
11.9	-70.4432
12	-70.4432
12.1	-70.4432
12.2	-70.4432
12.3	-70.4432
12.4	-70.4432
12.5	-70.4432
12.6	-70.4432
12.7	-70.4432
12.8	-70.4431
12.9	-70.4431
13	-70.4431
13.1	-70.4431
13.2	-70.4431
13.3	-70.4431
13.4	-70.4431
13.5	-70.4431
13.6	-70.4431
13.7	-70.4431
13.8	-70.443
13.9	-70.443
14	-70.443
14.1	-70.443
14.2	-70.443
14.3	-70.443
14.4	-70.443
14.5	-70.443
14.6	-70.443
14.7	-70.4429
14.8	-70.4429
14.9	-70.4429
15	-70.4429
15.1	-70.4429
15.2	-70.4429
15.3	-70.4429
15.4	-70.4429
15.5	-70.4429
15.6	-70.4429
15.7	-70.4428
15.8	-70.4428
15.9	-70.4428
16	-70.4428
16.1	-70.4428
16.2	-70.4428
16.3	-70.4428
16.4	-70.4428
16.5	-70.4428
16.6	-70.4428
16.7	-70.4423
16.8	-70.4403
16.9	-70.4365
17	-70.4306
17.1	-70.4228
17.2	-70.4133
17.3	-70.4021
17.4	-70.3895
17.5	-70.3757
17.6	-70.361
17.7	-70.3454
17.8	-70.3291
17.9	-70.3122
18	-70.295
18.1	-70.2774
18.2	-70.2597
18.3	-70.2418
18.4	-70.2238
18.5	-70.2059
18.6	-70.1881
18.7	-70.1704
18.8	-70.1528
18.9	-70.1354
19	-70.1183
19.1	-70.1015
19.2	-70.0849
19.3	-70.0682
19.4	-70.0503
19.5	-70.0304
19.6	-70.0074
19.7	-69.9809
19.8	-69.951
19.9	-69.9179
20	-69.8821
20.1	-69.8438
20.2	-69.8035
20.3	-69.7616
20.4	-69.7184
20.5	-69.6742
20.6	-69.6293
20.7	-69.5839
20.8	-69.5383
20.9	-69.4925
21	-69.4469
21.1	-69.4016
21.2	-69.3566
21.3	-69.312
21.4	-69.2681
21.5	-69.2248
21.6	-69.1822
21.7	-69.1403
21.8	-69.0993
21.9	-69.0592
22	-69.0199
22.1	-68.9815
22.2	-68.944
22.3	-68.9075
22.4	-68.8719
22.5	-68.8373
22.6	-68.8036
22.7	-68.7708
22.8	-68.739
22.9	-68.708
23	-68.678
23.1	-68.6489
23.2	-68.6207
23.3	-68.5934
23.4	-68.5669
23.5	-68.5413
23.6	-68.5165
23.7	-68.4925
23.8	-68.4694
23.9	-68.4469
24	-68.4253
24.1	-68.4044
24.2	-68.3842
24.3	-68.3647
24.4	-68.3459
24.5	-68.3278
24.6	-68.3103
24.7	-68.2935
24.8	-68.2773
24.9	-68.2617
25	-68.2467
25.1	-68.2323
25.2	-68.2184
25.3	-68.2051
25.4	-68.1923
25.5	-68.18
25.6	-68.1683
25.7	-68.157
25.8	-68.1462
25.9	-68.1358
26	-68.1259
26.1	-68.1165
26.2	-68.1074
26.3	-68.0988
26.4	-68.0906
26.5	-68.0828
26.6	-68.0754
26.7	-68.0683
26.8	-68.0617
26.9	-68.0553
27	-68.0493
27.1	-68.0437
27.2	-68.0384
27.3	-68.0333
27.4	-68.0287
27.5	-68.0243
27.6	-68.0202
27.7	-68.0164
27.8	-68.0128
27.9	-68.0096
28	-68.0066
28.1	-68.0038
28.2	-68.0014
28.3	-67.9991
28.4	-67.9971
28.5	-67.9954
28.6	-67.9938
28.7	-67.9925
28.8	-67.9915
28.9	-67.9906
29	-67.9899
29.1	-67.9894
29.2	-67.9892
29.3	-67.9891
29.4	-67.9892
29.5	-67.9895
29.6	-67.9899
29.7	-67.9906
29.8	-67.9914
29.9	-67.9923
30	-67.9935
30.1	-67.9947
30.2	-67.9962
30.3	-67.9978
30.4	-67.9995
30.5	-68.0014
30.6	-68.0029
30.7	-68.0032
30.8	-68.0018
30.9	-67.9986
31	-67.9937
31.1	-67.9871
31.2	-67.9792
31.3	-67.97
31.4	-67.9598
31.5	-67.9487
31.6	-67.9369
31.7	-67.9246
31.8	-67.9119
31.9	-67.8988
32	-67.8856
32.1	-67.8723
32.2	-67.8589
32.3	-67.8456
32.4	-67.8323
32.5	-67.8193
32.6	-67.8064
32.7	-67.7938
32.8	-67.7814
32.9	-67.7694
33	-67.7577
33.1	-67.7463
33.2	-67.7353
33.3	-67.7246
33.4	-67.7144
33.5	-67.7045
33.6	-67.6951
33.7	-67.686
33.8	-67.6774
33.9	-67.6691
34	-67.6613
34.1	-67.6538
34.2	-67.6468
34.3	-67.6401
34.4	-67.6338
34.5	-67.6279
34.6	-67.6224
34.7	-67.6173
34.8	-67.6125
34.9	-67.6081
35	-67.604
35.1	-67.6002
35.2	-67.5968
35.3	-67.5938
35.4	-67.591
35.5	-67.5885
35.6	-67.5864
35.7	-67.5846
35.8	-67.583
35.9	-67.5817
36	-67.5807
36.1	-67.58
36.2	-67.5795
36.3	-67.5793
36.4	-67.5793
36.5	-67.5795
36.6	-67.58
36.7	-67.5808
36.8	-67.5817
36.9	-67.5828
37	-67.5842
37.1	-67.5858
37.2	-67.5875
37.3	-67.5895
37.4	-67.5916
37.5	-67.5939
37.6	-67.5964
37.7	-67.599
37.8	-67.6018
37.9	-67.6048
38	-67.608
38.1	-67.6112
38.2	-67.6147
38.3	-67.6182
38.4	-67.6219
38.5	-67.6258
38.6	-67.6298
38.7	-67.6339
38.8	-67.6381
38.9	-67.6424
39	-67.6469
39.1	-67.6515
39.2	-67.6561
39.3	-67.6609
39.4	-67.6658
39.5	-67.6708
39.6	-67.6759
39.7	-67.6811
39.8	-67.6863
39.9	-67.6917
40	-67.6971
40.1	-67.7027
40.2	-67.7083
40.3	-67.7139
40.4	-67.7197
40.5	-67.7255
40.6	-67.7314
40.7	-67.7374
40.8	-67.7435
40.9	-67.7496
41	-67.7557
41.1	-67.762
41.2	-67.7683
41.3	-67.7746
41.4	-67.781
41.5	-67.7874
41.6	-67.794
41.7	-67.8005
41.8	-67.8071
41.9	-67.8138
42	-67.8205
42.1	-67.8272
42.2	-67.834
42.3	-67.8408
42.4	-67.8476
42.5	-67.8545
42.6	-67.8615
42.7	-67.8684
42.8	-67.8754
42.9	-67.8825
43	-67.8895
43.1	-67.8966
43.2	-67.9037
43.3	-67.9109
43.4	-67.9181
43.5	-67.9253
43.6	-67.9325
43.7	-67.9397
43.8	-67.947
43.9	-67.9543
44	-67.9616
44.1	-67.9689
44.2	-67.9762
44.3	-67.9836
44.4	-67.991
44.5	-67.9984
44.6	-68.0058
44.7	-68.0132
44.8	-68.0206
44.9	-68.0281
45	-68.0355
45.1	-68.043
45.2	-68.0504
45.3	-68.0579
45.4	-68.0654
45.5	-68.0729
45.6	-68.0804
45.7	-68.0879
45.8	-68.0954
45.9	-68.1029
46	-68.1105
46.1	-68.118
46.2	-68.1255
46.3	-68.133
46.4	-68.1406
46.5	-68.1481
46.6	-68.1556
46.7	-68.1632
46.8	-68.1707
46.9	-68.1782
47	-68.1857
47.1	-68.1932
47.2	-68.2008
47.3	-68.2083
47.4	-68.2158
47.5	-68.2233
47.6	-68.2308
47.7	-68.2383
47.8	-68.2458
47.9	-68.2533
48	-68.2608
48.1	-68.2682
48.2	-68.2757
48.3	-68.2831
48.4	-68.2906
48.5	-68.298
48.6	-68.3055
48.7	-68.3129
48.8	-68.3203
48.9	-68.3277
49	-68.3351
49.1	-68.3425
49.2	-68.3498
49.3	-68.3572
49.4	-68.3646
49.5	-68.3719
49.6	-68.3792
49.7	-68.3865
49.8	-68.3938
49.9	-68.4011
50	-68.4084
50.1	-68.4157
50.2	-68.4229
50.3	-68.4301
50.4	-68.4374
50.5	-68.4446
50.6	-68.4518
50.7	-68.459
50.8	-68.4661
50.9	-68.4733
51	-68.4804
51.1	-68.4875
51.2	-68.4946
51.3	-68.5017
51.4	-68.5088
51.5	-68.5159
51.6	-68.5229
51.7	-68.5299
51.8	-68.5369
51.9	-68.5439
52	-68.5509
52.1	-68.5579
52.2	-68.5648
52.3	-68.5717
52.4	-68.5786
52.5	-68.5855
52.6	-68.5924
52.7	-68.5993
52.8	-68.6061
52.9	-68.6129
53	-68.6197
53.1	-68.6265
53.2	-68.6333
53.3	-68.64
53.4	-68.6468
53.5	-68.6535
53.6	-68.6602
53.7	-68.6668
53.8	-68.6735
53.9	-68.6801
54	-68.6868
54.1	-68.6934
54.2	-68.6999
54.3	-68.7065
54.4	-68.713
54.5	-68.7196
54.6	-68.7261
54.7	-68.7326
54.8	-68.739
54.9	-68.7455
55	-68.7519
55.1	-68.7583
55.2	-68.7647
55.3	-68.7711
55.4	-68.7775
55.5	-68.7838
55.6	-68.7901
55.7	-68.7964
55.8	-68.8027
55.9	-68.8089
56	-68.8152
56.1	-68.8214
56.2	-68.8276
56.3	-68.8338
56.4	-68.8399
56.5	-68.8461
56.6	-68.8522
56.7	-68.8583
56.8	-68.8644
56.9	-68.8704
57	-68.8765
57.1	-68.8825
57.2	-68.8885
57.3	-68.8945
57.4	-68.9004
57.5	-68.9064
57.6	-68.9123
57.7	-68.9182
57.8	-68.9241
57.9	-68.9299
58	-68.9358
58.1	-68.9416
58.2	-68.9474
58.3	-68.9532
58.4	-68.959
58.5	-68.9647
58.6	-68.9704
58.7	-68.9762
58.8	-68.9818
58.9	-68.9875
59	-68.9932
59.1	-68.9988
59.2	-69.0044
59.3	-69.01
59.4	-69.0156
59.5	-69.0211
59.6	-69.0266
59.7	-69.0322
59.8	-69.0377
59.9	-69.0431
60	-69.0486
60.1	-69.054
60.2	-69.0594
60.3	-69.0648
60.4	-69.0702
60.5	-69.0756
60.6	-69.0809
60.7	-69.0862
60.8	-69.0915
60.9	-69.0968
61	-69.1021
61.1	-69.1073
61.2	-69.1126
61.3	-69.1178
61.4	-69.123
61.5	-69.1281
61.6	-69.1333
61.7	-69.1384
61.8	-69.1435
61.9	-69.1486
62	-69.1537
62.1	-69.1588
62.2	-69.1638
62.3	-69.1688
62.4	-69.1738
62.5	-69.1788
62.6	-69.1838
62.7	-69.1887
62.8	-69.1937
62.9	-69.1986
63	-69.2035
63.1	-69.2084
63.2	-69.2132
63.3	-69.2181
63.4	-69.2229
63.5	-69.2277
63.6	-69.2325
63.7	-69.2372
63.8	-69.242
63.9	-69.2467
64	-69.2514
64.1	-69.2561
64.2	-69.2608
64.3	-69.2655
64.4	-69.2701
64.5	-69.2748
64.6	-69.2794
64.7	-69.284
64.8	-69.2886
64.9	-69.2931
65	-69.2977
65.1	-69.3022
65.2	-69.3067
65.3	-69.3112
65.4	-69.3157
65.5	-69.3201
65.6	-69.3245
65.7	-69.329
65.8	-69.3334
65.9	-69.3378
66	-69.3421
66.1	-69.3465
66.2	-69.3508
66.3	-69.3552
66.4	-69.3595
66.5	-69.3638
66.6	-69.368
66.7	-69.3723
66.8	-69.3765
66.9	-69.3808
67	-69.385
67.1	-69.3892
67.2	-69.3933
67.3	-69.3975
67.4	-69.4016
67.5	-69.4058
67.6	-69.4099
67.7	-69.414
67.8	-69.4181
67.9	-69.4221
68	-69.4262
68.1	-69.4302
68.2	-69.4342
68.3	-69.4382
68.4	-69.4422
68.5	-69.4462
68.6	-69.4502
68.7	-69.4541
68.8	-69.458
68.9	-69.4619
69	-69.4658
69.1	-69.4697
69.2	-69.4736
69.3	-69.4774
69.4	-69.4813
69.5	-69.4851
69.6	-69.4889
69.7	-69.4927
69.8	-69.4965
69.9	-69.5002
70	-69.504
70.1	-69.5077
70.2	-69.5114
70.3	-69.5151
70.4	-69.5188
70.5	-69.5225
70.6	-69.5262
70.7	-69.5298
70.8	-69.5334
70.9	-69.5371
71	-69.5407
71.1	-69.5443
71.2	-69.5478
71.3	-69.5514
71.4	-69.5549
71.5	-69.5585
71.6	-69.562
71.7	-69.5655
71.8	-69.569
71.9	-69.5725
72	-69.5759
72.1	-69.5794
72.2	-69.5828
72.3	-69.5863
72.4	-69.5897
72.5	-69.5931
72.6	-69.5965
72.7	-69.5998
72.8	-69.6032
72.9	-69.6065
73	-69.6099
73.1	-69.6132
73.2	-69.6165
73.3	-69.6198
73.4	-69.6231
73.5	-69.6263
73.6	-69.6296
73.7	-69.6328
73.8	-69.636
73.9	-69.6393
74	-69.6425
74.1	-69.6457
74.2	-69.6488
74.3	-69.652
74.4	-69.6551
74.5	-69.6583
74.6	-69.6614
74.7	-69.6645
74.8	-69.6676
74.9	-69.6707
75	-69.6738
75.1	-69.6769
75.2	-69.6799
75.3	-69.683
75.4	-69.686
75.5	-69.689
75.6	-69.692
75.7	-69.695
75.8	-69.698
75.9	-69.701
76	-69.7039
76.1	-69.7069
76.2	-69.7098
76.3	-69.7127
76.4	-69.7156
76.5	-69.7185
76.6	-69.7214
76.7	-69.7243
76.8	-69.7272
76.9	-69.73
77	-69.7329
77.1	-69.7357
77.2	-69.7385
77.3	-69.7413
77.4	-69.7441
77.5	-69.7469
77.6	-69.7497
77.7	-69.7525
77.8	-69.7552
77.9	-69.758
78	-69.7607
78.1	-69.7634
78.2	-69.7661
78.3	-69.7688
78.4	-69.7715
78.5	-69.7742
78.6	-69.7769
78.7	-69.7795
78.8	-69.7822
78.9	-69.7848
79	-69.7874
79.1	-69.79
79.2	-69.7926
79.3	-69.7952
79.4	-69.7978
79.5	-69.8004
79.6	-69.803
79.7	-69.8055
79.8	-69.8081
79.9	-69.8106
80	-69.8131
80.1	-69.8156
80.2	-69.8181
80.3	-69.8206
80.4	-69.8231
80.5	-69.8256
80.6	-69.828
80.7	-69.8305
80.8	-69.8329
80.9	-69.8354
81	-69.8378
81.1	-69.8402
81.2	-69.8426
81.3	-69.845
81.4	-69.8474
81.5	-69.8498
81.6	-69.8521
81.7	-69.8545
81.8	-69.8568
81.9	-69.8592
82	-69.8615
82.1	-69.8638
82.2	-69.8661
82.3	-69.8684
82.4	-69.8707
82.5	-69.873
82.6	-69.8753
82.7	-69.8776
82.8	-69.8798
82.9	-69.8821
83	-69.8843
83.1	-69.8865
83.2	-69.8887
83.3	-69.891
83.4	-69.8932
83.5	-69.8953
83.6	-69.8975
83.7	-69.8997
83.8	-69.9019
83.9	-69.904
84	-69.9062
84.1	-69.9083
84.2	-69.9105
84.3	-69.9126
84.4	-69.9147
84.5	-69.9168
84.6	-69.9189
84.7	-69.921
84.8	-69.9231
84.9	-69.9251
85	-69.9272
85.1	-69.9293
85.2	-69.9313
85.3	-69.9334
85.4	-69.9354
85.5	-69.9374
85.6	-69.9394
85.7	-69.9414
85.8	-69.9434
85.9	-69.9454
86	-69.9474
86.1	-69.9494
86.2	-69.9514
86.3	-69.9533
86.4	-69.9553
86.5	-69.9572
86.6	-69.9592
86.7	-69.9611
86.8	-69.963
86.9	-69.9649
87	-69.9668
87.1	-69.9687
87.2	-69.9706
87.3	-69.9725
87.4	-69.9744
87.5	-69.9762
87.6	-69.9781
87.7	-69.98
87.8	-69.9818
87.9	-69.9836
88	-69.9855
88.1	-69.9873
88.2	-69.9891
88.3	-69.9909
88.4	-69.9927
88.5	-69.9945
88.6	-69.9963
88.7	-69.9981
88.8	-69.9999
88.9	-70.0016
89	-70.0034
89.1	-70.0051
89.2	-70.0069
89.3	-70.0086
89.4	-70.0103
89.5	-70.0121
89.6	-70.0138
89.7	-70.0155
89.8	-70.0172
89.9	-70.0189
90	-70.0206
90.1	-70.0223
90.2	-70.0239
90.3	-70.0256
90.4	-70.0273
90.5	-70.0289
90.6	-70.0306
90.7	-70.0322
90.8	-70.0339
90.9	-70.0355
91	-70.0371
91.1	-70.0387
91.2	-70.0403
91.3	-70.0419
91.4	-70.0435
91.5	-70.0451
91.6	-70.0467
91.7	-70.0483
91.8	-70.0499
91.9	-70.0514
92	-70.053
92.1	-70.0545
92.2	-70.0561
92.3	-70.0576
92.4	-70.0591
92.5	-70.0607
92.6	-70.0622
92.7	-70.0637
92.8	-70.0652
92.9	-70.0667
93	-70.0682
93.1	-70.0697
93.2	-70.0712
93.3	-70.0727
93.4	-70.0742
93.5	-70.0756
93.6	-70.0771
93.7	-70.0785
93.8	-70.08
93.9	-70.0814
94	-70.0829
94.1	-70.0843
94.2	-70.0857
94.3	-70.0871
94.4	-70.0886
94.5	-70.09
94.6	-70.0914
94.7	-70.0928
94.8	-70.0942
94.9	-70.0956
95	-70.0969
95.1	-70.0983
95.2	-70.0997
95.3	-70.101
95.4	-70.1024
95.5	-70.1038
95.6	-70.1051
95.7	-70.1064
95.8	-70.1078
95.9	-70.1091
96	-70.1104
96.1	-70.1118
96.2	-70.1131
96.3	-70.1144
96.4	-70.1157
96.5	-70.117
96.6	-70.1183
96.7	-70.1196
96.8	-70.1209
96.9	-70.1221
97	-70.1234
97.1	-70.1247
97.2	-70.126
97.3	-70.1272
97.4	-70.1285
97.5	-70.1297
97.6	-70.131
97.7	-70.1322
97.8	-70.1334
97.9	-70.1347
98	-70.1359
98.1	-70.1371
98.2	-70.1383
98.3	-70.1395
98.4	-70.1407
98.5	-70.1419
98.6	-70.1431
98.7	-70.1443
98.8	-70.1455
98.9	-70.1467
99	-70.1479
99.1	-70.149
99.2	-70.1502
99.3	-70.1514
99.4	-70.1525
99.5	-70.1537
99.6	-70.1548
99.7	-70.1555
99.8	-70.1547
99.9	-70.152
