t	v
0	-60
0.1	-61.4276
0.2	-61.5442
0.3	-61.5921
0.4	-62.0237
0.5	-62.8333
0.6	-62.9904
0.7	-63.7269
0.8	-64.5666
0.9	-64.245
1	-63.8937
1.1	-63.3206
1.2	-63.0671
1.3	-62.9627
1.4	-62.7242
1.5	-62.7516
1.6	-62.1874
1.7	-62.3379
1.8	-61.8238
1.9	-61.59
2	-61.3571
2.1	-61.2428
2.2	-61.4207
2.3	-60.9303
2.4	-60.0785
2.5	-60.0469
2.6	-60.4738
2.7	-59.5956
2.8	-59.2542
2.9	-58.2647
3	-57.8611
3.1	-57.8529
3.2	-58.0723
3.3	-58.3362
3.4	-58.263
3.5	-57.7272
3.6	-57.7199
3.7	-57.2877
3.8	-57.5999
3.9	-57.3588
4	-57.5383
4.1	-56.9208
4.2	-56.9263
4.3	-56.4027
4.4	-56.4405
4.5	-56.0284
4.6	-56.0431
4.7	-55.659
4.8	-55.7206
4.9	-55.457
5	-55.5387
5.1	-55.3166
5.2	-55.3031
5.3	-55.121
5.4	-55.0015
5.5	-54.9066
5.6	-54.8734
5.7	-54.6951
5.8	-54.6516
5.9	-54.5293
6	-54.5602
6.1	-54.4064
6.2	-54.4363
6.3	-54.3498
6.4	-54.3142
6.5	-54.2484
6.6	-54.1988
6.7	-54.128
6.8	-54.1077
6.9	-54.0224
7	-54.0462
7.1	-53.9483
7.2	-53.9968
7.3	-53.8963
7.4	-54.0259
7.5	-54.0173
7.6	-54.0832
7.7	-54.1336
7.8	-54.1694
7.9	-54.2385
8	-54.2325
8.1	-54.3604
8.2	-54.2946
8.3	-54.3772
8.4	-54.2809
8.5	-54.4201
8.6	-54.3028
8.7	-54.3454
8.8	-54.2449
8.9	-54.2788
9	-54.0784
9.1	-54.1418
9.2	-54.0939
9.3	-54.1636
9.4	-54.0931
9.5	-54.1914
9.6	-54.1545
9.7	-54.2494
9.8	-54.1737
9.9	-54.2031
10	-54.171
10.1	-54.1882
10.2	-54.0965
10.3	-54.087
10.4	-54.0633
10.5	-54.0192
10.6	-54
10.7	-54.0022
10.8	-54.1132
10.9	-54.0865
11	-54.16
11.1	-54.2211
11.2	-54.2101
11.3	-54.2737
11.4	-54.3297
11.5	-54.3812
11.6	-54.389
11.7	-54.49
11.8	-54.5035
11.9	-54.6157
12	-54.6788
12.1	-54.7175
12.2	-52.8197
12.3	-50.3298
12.4	-47.679
12.5	-44.9322
12.6	-42.1283
12.7	-38.9929
12.8	-34.8394
12.9	-27.9288
13	-11.9674
13.1	25.1236
13.2	37.786
13.3	38.939
13.4	36.6275
13.5	35.5793
13.6	31.408
13.7	29.2132
13.8	24.326
13.9	21.4545
14	16.5006
14.1	13.4167
14.2	8.85881
14.3	5.89906
14.4	1.91588
14.5	-0.713966
14.6	-4.04928
14.7	-6.23011
14.8	-9.02394
14.9	-10.7523
15	-13.0353
15.1	-14.54
15.2	-16.4851
15.3	-17.6648
15.4	-19.2142
15.5	-20.1677
15.6	-21.5295
15.7	-22.2499
15.8	-23.3762
15.9	-24.0656
16	-25.1295
16.1	-25.6769
16.2	-26.6934
16.3	-27.2123
16.4	-28.0896
16.5	-28.5339
16.6	-29.3424
16.7	-29.7515
16.8	-30.6086
16.9	-31.0133
17	-31.8596
17.1	-32.2908
17.2	-33.1083
17.3	-33.6496
17.4	-34.43
17.5	-34.966
17.6	-35.7025
17.7	-36.1355
17.8	-36.8809
17.9	-37.3349
18	-38.0647
18.1	-38.4551
18.2	-39.1808
18.3	-39.6009
18.4	-40.2846
18.5	-40.7086
18.6	-41.2565
18.7	-41.6951
18.8	-42.3153
18.9	-42.7626
19	-43.3347
19.1	-43.7863
19.2	-44.3286
19.3	-44.7264
19.4	-45.251
19.5	-45.5417
19.6	-45.9816
19.7	-46.3477
19.8	-46.7581
19.9	-47.0919
20	-47.4587
20.1	-47.7849
20.2	-48.1711
20.3	-48.4552
20.4	-48.8781
20.5	-49.0865
20.6	-49.4506
20.7	-49.6373
20.8	-49.9175
20.9	-50.1055
21	-50.3422
21.1	-50.4933
21.2	-50.7324
21.3	-50.8877
21.4	-51.1349
21.5	-51.2922
21.6	-51.4711
21.7	-51.6529
21.8	-51.8052
21.9	-51.9124
22	-52.1465
22.1	-52.3157
22.2	-52.4132
22.3	-52.5113
22.4	-52.6232
22.5	-52.7085
22.6	-52.786
22.7	-52.7711
22.8	-52.8086
22.9	-52.8134
23	-52.8016
23.1	-52.8701
23.2	-52.8905
23.3	-53.003
23.4	-53.0036
23.5	-53.1333
23.6	-53.1613
23.7	-53.2039
23.8	-53.2361
23.9	-53.2971
24	-53.3603
24.1	-53.3821
24.2	-53.4005
24.3	-53.4254
24.4	-53.5388
24.5	-53.5368
24.6	-53.5496
24.7	-53.5248
24.8	-53.5575
24.9	-53.5213
25	-53.5811
25.1	-53.5093
25.2	-53.4716
25.3	-53.5138
25.4	-53.5703
25.5	-53.5251
25.6	-53.6192
25.7	-53.5722
25.8	-53.7095
25.9	-53.6038
26	-53.6244
26.1	-53.4571
26.2	-53.4735
26.3	-53.395
26.4	-53.4804
26.5	-53.4551
26.6	-53.4936
26.7	-53.5686
26.8	-53.6304
26.9	-53.6619
27	-53.7407
27.1	-53.7006
27.2	-53.771
27.3	-53.7082
27.4	-53.7551
27.5	-53.6636
27.6	-53.7325
27.7	-53.671
27.8	-53.7232
27.9	-53.6292
28	-53.6779
28.1	-53.6384
28.2	-53.6932
28.3	-53.7784
28.4	-53.8027
28.5	-53.8383
28.6	-53.8615
28.7	-53.9051
28.8	-53.9933
28.9	-54.0967
29	-54.1525
29.1	-54.3128
29.2	-54.4006
29.3	-54.5324
29.4	-54.6403
29.5	-54.8272
29.6	-54.907
29.7	-54.9675
29.8	-55.047
29.9	-55.0805
30	-55.0677
30.1	-55.1636
30.2	-55.2257
30.3	-55.4137
30.4	-55.502
30.5	-55.6373
30.6	-55.7367
30.7	-55.8044
30.8	-55.8564
30.9	-55.9105
31	-55.8721
31.1	-55.8666
31.2	-55.9001
31.3	-55.8688
31.4	-55.8711
31.5	-55.7984
31.6	-55.8999
31.7	-55.8353
31.8	-55.7813
31.9	-55.8379
32	-55.8676
32.1	-55.8196
32.2	-55.9399
32.3	-55.9277
32.4	-55.9749
32.5	-55.9805
32.6	-56.0732
32.7	-56.0606
32.8	-56.2592
32.9	-56.2812
33	-56.4798
33.1	-56.6694
33.2	-56.7736
33.3	-56.9242
33.4	-56.9997
33.5	-57.1121
33.6	-57.1479
33.7	-57.1955
33.8	-57.158
33.9	-57.1528
34	-57.2076
34.1	-57.1623
34.2	-57.1988
34.3	-57.1425
34.4	-57.1544
34.5	-57.0732
34.6	-57.0361
34.7	-57.0643
34.8	-57.0855
34.9	-57.047
35	-57.178
35.1	-57.1586
35.2	-57.2571
35.3	-57.2834
35.4	-57.3896
35.5	-57.3684
35.6	-57.4829
35.7	-57.5067
35.8	-57.5642
35.9	-57.6183
36	-57.6296
36.1	-57.6344
36.2	-57.6041
36.3	-57.6622
36.4	-57.7347
36.5	-57.7287
36.6	-57.8956
36.7	-57.9304
36.8	-58.0127
36.9	-57.9583
37	-58.0398
37.1	-58.0017
37.2	-58.0438
37.3	-58.0344
37.4	-57.9585
37.5	-57.9517
37.6	-58.0064
37.7	-57.9758
37.8	-58.0272
37.9	-57.9666
38	-58.0522
38.1	-58.0871
38.2	-58.0983
38.3	-58.1356
38.4	-58.1589
38.5	-58.1145
38.6	-58.0457
38.7	-58.0934
38.8	-58.0429
38.9	-58.0511
39	-57.9099
39.1	-57.9137
39.2	-57.7087
39.3	-57.8009
39.4	-57.6255
39.5	-57.6979
39.6	-57.4853
39.7	-57.5029
39.8	-57.2966
39.9	-57.3333
40	-57.1539
40.1	-57.2488
40.2	-56.9541
40.3	-56.9981
40.4	-56.808
40.5	-56.814
40.6	-56.7375
40.7	-56.8329
40.8	-56.774
40.9	-56.8183
41	-56.9061
41.1	-56.9022
41.2	-56.9585
41.3	-56.9468
41.4	-57.0278
41.5	-57.0492
41.6	-57.0951
41.7	-57.0777
41.8	-57.0632
41.9	-57.0235
42	-57.0779
42.1	-57.1146
42.2	-57.1091
42.3	-57.0982
42.4	-56.9829
42.5	-56.8914
42.6	-56.8042
42.7	-56.7108
42.8	-56.6947
42.9	-56.6029
43	-56.5402
43.1	-56.4929
43.2	-56.5236
43.3	-56.4932
43.4	-56.5241
43.5	-56.5513
43.6	-56.541
43.7	-56.5318
43.8	-56.54
43.9	-56.4487
44	-56.5112
44.1	-56.5087
44.2	-56.6139
44.3	-56.5425
44.4	-56.6733
44.5	-56.5834
44.6	-56.7365
44.7	-56.712
44.8	-56.8821
44.9	-56.8563
45	-57.0061
45.1	-57.0205
45.2	-57.2218
45.3	-57.3401
45.4	-57.5281
45.5	-57.5738
45.6	-57.7377
45.7	-57.7441
45.8	-57.8848
45.9	-57.8348
46	-57.9555
46.1	-57.8809
46.2	-57.9148
46.3	-57.8963
46.4	-57.883
46.5	-57.7945
46.6	-57.7282
46.7	-57.6567
46.8	-57.5273
46.9	-57.4943
47	-57.3758
47.1	-57.4683
47.2	-57.406
47.3	-57.4908
47.4	-57.3747
47.5	-57.5022
47.6	-57.4659
47.7	-57.6718
47.8	-57.5548
47.9	-57.7966
48	-57.7001
48.1	-57.916
48.2	-57.8319
48.3	-57.9647
48.4	-57.9785
48.5	-58.0488
48.6	-58.1364
48.7	-58.157
48.8	-58.2508
48.9	-58.2053
49	-58.211
49.1	-58.1551
49.2	-58.2434
49.3	-58.1679
49.4	-58.2762
49.5	-58.2791
49.6	-58.2681
49.7	-58.3302
49.8	-58.3982
49.9	-58.4239
50	-58.4497
50.1	-58.4872
50.2	-58.4765
50.3	-58.4712
50.4	-58.4949
50.5	-58.5319
50.6	-58.7277
50.7	-58.8236
50.8	-58.9665
50.9	-59.0316
51	-59.0014
51.1	-58.933
51.2	-58.9325
51.3	-58.7736
51.4	-58.8215
51.5	-58.7945
51.6	-58.8232
51.7	-58.8469
51.8	-59.0096
51.9	-58.897
52	-58.9263
52.1	-58.8603
52.2	-58.9041
52.3	-58.9648
52.4	-59.0905
52.5	-59.1886
52.6	-59.2282
52.7	-59.1874
52.8	-59.2009
52.9	-59.2293
53	-59.2727
53.1	-59.2392
53.2	-59.3161
53.3	-59.3538
53.4	-59.4765
53.5	-59.4237
53.6	-59.5633
53.7	-59.4962
53.8	-59.6346
53.9	-59.599
54	-59.7527
54.1	-59.7848
54.2	-59.8099
54.3	-59.8072
54.4	-59.9023
54.5	-59.8923
54.6	-59.905
54.7	-59.9525
54.8	-59.8981
54.9	-59.9127
55	-59.8291
55.1	-59.8765
55.2	-59.8104
55.3	-59.9225
55.4	-59.8245
55.5	-59.9503
55.6	-59.7627
55.7	-59.9139
55.8	-59.8496
55.9	-59.971
56	-59.9628
56.1	-60.0216
56.2	-59.9258
56.3	-59.9925
56.4	-59.9011
56.5	-59.9372
56.6	-59.969
56.7	-60.0175
56.8	-60.0275
56.9	-60.1064
57	-60.0978
57.1	-60.1535
57.2	-60.09
57.3	-60.1194
57.4	-60.1109
57.5	-60.1967
57.6	-60.1786
57.7	-60.2052
57.8	-60.1381
57.9	-60.1899
58	-60.2029
58.1	-60.2669
58.2	-60.1974
58.3	-60.3617
58.4	-60.303
58.5	-60.4557
58.6	-60.475
58.7	-60.6344
58.8	-60.6034
58.9	-60.6799
59	-60.6626
59.1	-60.6512
59.2	-60.6033
59.3	-60.6131
59.4	-60.5569
59.5	-60.4922
59.6	-60.4078
59.7	-60.4927
59.8	-60.4048
59.9	-60.4451
60	-60.3263
60.1	-60.3154
60.2	-60.1939
60.3	-60.2139
60.4	-60.0852
60.5	-60.178
60.6	-60.0826
60.7	-60.1322
60.8	-60.0642
60.9	-60.0716
61	-60.0627
61.1	-60.0789
61.2	-60.0772
61.3	-59.9812
61.4	-59.927
61.5	-59.9064
61.6	-59.8649
61.7	-59.8321
61.8	-59.6914
61.9	-59.727
62	-59.7256
62.1	-59.7166
62.2	-59.6401
62.3	-59.6247
62.4	-59.653
62.5	-59.5955
62.6	-59.5656
62.7	-59.58
62.8	-59.6279
62.9	-59.6635
63	-59.7548
63.1	-59.7069
63.2	-59.763
63.3	-59.7575
63.4	-59.8249
63.5	-59.8068
63.6	-59.8511
63.7	-59.8205
63.8	-59.9544
63.9	-59.9034
64	-60.0346
64.1	-59.9415
64.2	-60.0068
64.3	-59.8304
64.4	-59.8708
64.5	-59.816
64.6	-59.8277
64.7	-59.7731
64.8	-59.7781
64.9	-59.7982
65	-59.8501
65.1	-59.9081
65.2	-59.9218
65.3	-59.9762
65.4	-59.945
65.5	-59.9412
65.6	-59.8679
65.7	-59.8259
65.8	-59.7798
65.9	-59.7225
66	-59.6487
66.1	-59.5365
66.2	-59.4507
66.3	-59.31
66.4	-59.2528
66.5	-59.1046
66.6	-58.9917
66.7	-58.8759
66.8	-58.7306
66.9	-58.6466
67	-58.5957
67.1	-58.4217
67.2	-58.4316
67.3	-58.2959
67.4	-58.2842
67.5	-58.2747
67.6	-58.2474
67.7	-58.1461
67.8	-58.1969
67.9	-58.0335
68	-58.0899
68.1	-57.9841
68.2	-58.1978
68.3	-58.0741
68.4	-58.296
68.5	-58.2105
68.6	-58.4582
68.7	-58.3868
68.8	-58.5189
68.9	-58.4261
69	-58.4853
69.1	-58.3679
69.2	-58.3948
69.3	-58.1752
69.4	-58.1545
69.5	-57.9734
69.6	-57.976
69.7	-57.8657
69.8	-57.912
69.9	-57.8045
70	-57.7509
70.1	-57.6502
70.2	-57.5124
70.3	-57.4496
70.4	-57.3327
70.5	-57.361
70.6	-57.3344
70.7	-57.2917
70.8	-57.2027
70.9	-57.1348
71	-57.0813
71.1	-57.0591
71.2	-57.0489
71.3	-57.0849
71.4	-57.0899
71.5	-57.1465
71.6	-57.1471
71.7	-57.2504
71.8	-57.2453
71.9	-57.3315
72	-57.2874
72.1	-57.3909
72.2	-57.2841
72.3	-57.4162
72.4	-57.3282
72.5	-57.5354
72.6	-57.4202
72.7	-57.4918
72.8	-57.3967
72.9	-57.5948
73	-57.4981
73.1	-57.6743
73.2	-57.4865
73.3	-57.6899
73.4	-57.4945
73.5	-57.6829
73.6	-57.4704
73.7	-57.6256
73.8	-57.5199
73.9	-57.6651
74	-57.4401
74.1	-57.5124
74.2	-57.3804
74.3	-57.5017
74.4	-57.3872
74.5	-57.484
74.6	-57.3788
74.7	-57.5203
74.8	-57.5194
74.9	-57.608
75	-57.5937
75.1	-57.6022
75.2	-57.6155
75.3	-57.6456
75.4	-57.7025
75.5	-57.7843
75.6	-57.8406
75.7	-57.9167
75.8	-58.0302
75.9	-58.1187
76	-58.1054
76.1	-58.2145
76.2	-58.3413
76.3	-58.4488
76.4	-58.5362
76.5	-58.5664
76.6	-58.6505
76.7	-58.7191
76.8	-58.7869
76.9	-58.7666
77	-58.8599
77.1	-58.8287
77.2	-58.9673
77.3	-58.8949
77.4	-59.0018
77.5	-59.028
77.6	-59.0948
77.7	-59.0561
77.8	-59.1576
77.9	-59.1474
78	-59.1925
78.1	-59.1734
78.2	-59.1728
78.3	-59.0794
78.4	-59.1447
78.5	-59.0495
78.6	-59.1133
78.7	-58.9484
78.8	-59.0209
78.9	-58.9133
79	-58.9783
79.1	-58.9182
79.2	-58.9712
79.3	-58.9504
79.4	-58.9533
79.5	-58.9167
79.6	-58.9897
79.7	-58.9235
79.8	-58.9858
79.9	-58.9553
80	-59.0093
80.1	-58.9338
80.2	-58.9494
80.3	-58.8713
80.4	-58.9066
80.5	-58.8519
80.6	-58.8231
80.7	-58.7501
80.8	-58.6551
80.9	-58.5797
81	-58.5718
81.1	-58.3512
81.2	-58.2364
81.3	-58.1231
81.4	-57.9535
81.5	-57.8167
81.6	-57.6182
81.7	-57.5226
81.8	-57.2259
81.9	-57.1363
82	-56.9892
82.1	-56.8792
82.2	-56.729
82.3	-56.6855
82.4	-56.5442
82.5	-56.5561
82.6	-56.4595
82.7	-56.5033
82.8	-56.4337
82.9	-56.4724
83	-56.3874
83.1	-56.3925
83.2	-56.3366
83.3	-56.301
83.4	-56.2024
83.5	-56.1773
83.6	-56.1186
83.7	-56.0333
83.8	-55.9978
83.9	-55.929
84	-55.8911
84.1	-55.9308
84.2	-55.9185
84.3	-55.8916
84.4	-55.8775
84.5	-55.9018
84.6	-55.9121
84.7	-55.8412
84.8	-55.8152
84.9	-55.7759
85	-55.735
85.1	-55.8013
85.2	-55.7837
85.3	-55.8083
85.4	-55.7484
85.5	-55.7531
85.6	-55.685
85.7	-55.5785
85.8	-55.555
85.9	-55.5424
86	-55.4777
86.1	-55.4827
86.2	-55.3815
86.3	-55.5061
86.4	-55.4181
86.5	-55.4585
86.6	-55.3465
86.7	-55.4382
86.8	-55.3032
86.9	-55.3963
87	-55.2325
87.1	-55.3666
87.2	-55.2644
87.3	-55.3933
87.4	-55.2903
87.5	-55.485
87.6	-55.3296
87.7	-55.4538
87.8	-55.3364
87.9	-55.5032
88	-55.423
88.1	-55.5675
88.2	-55.4475
88.3	-55.4954
88.4	-55.4039
88.5	-55.4466
88.6	-55.3926
88.7	-55.4483
88.8	-55.4469
88.9	-55.4722
89	-55.4202
89.1	-55.4692
89.2	-55.3776
89.3	-55.4451
89.4	-55.3583
89.5	-55.3578
89.6	-55.3077
89.7	-55.3832
89.8	-55.3521
89.9	-55.327
90	-55.358
90.1	-55.3813
90.2	-55.404
90.3	-55.4252
90.4	-55.4188
90.5	-55.4628
90.6	-55.4581
90.7	-55.4931
90.8	-55.3466
90.9	-55.3875
91	-55.2536
91.1	-55.2797
91.2	-55.1613
91.3	-55.2734
91.4	-55.1698
91.5	-55.1759
91.6	-54.9844
91.7	-54.9618
91.8	-54.7956
91.9	-54.8543
92	-54.7498
92.1	-54.9098
92.2	-54.8324
92.3	-54.9748
92.4	-54.8633
92.5	-55.0159
92.6	-55.0567
92.7	-55.209
92.8	-55.2695
92.9	-55.3212
93	-55.4392
93.1	-55.4903
93.2	-55.562
93.3	-55.6802
93.4	-55.8136
93.5	-55.9485
93.6	-56.103
93.7	-56.2041
93.8	-56.3646
93.9	-56.3443
94	-56.4246
94.1	-56.521
94.2	-56.5875
94.3	-56.6457
94.4	-56.6202
94.5	-56.7162
94.6	-56.6303
94.7	-56.6445
94.8	-56.5637
94.9	-56.6212
95	-56.5825
95.1	-56.5733
95.2	-56.5654
95.3	-56.5535
95.4	-56.5889
95.5	-56.4744
95.6	-56.5203
95.7	-56.4035
95.8	-56.3938
95.9	-56.2795
96	-56.2133
96.1	-56.0847
96.2	-56.0354
96.3	-56.0015
96.4	-56.0644
96.5	-56.0222
96.6	-56.0621
96.7	-55.9973
96.8	-56.1157
96.9	-56.0618
97	-56.1121
97.1	-55.993
97.2	-55.8596
97.3	-55.7523
97.4	-55.8072
97.5	-55.6846
97.6	-55.8258
97.7	-55.7727
97.8	-55.8048
97.9	-55.7875
98	-55.8006
98.1	-55.7084
98.2	-55.6772
98.3	-55.515
98.4	-55.4636
98.5	-55.3431
98.6	-55.3172
98.7	-55.2129
98.8	-55.2233
98.9	-55.2115
99	-55.2959
99.1	-55.2217
99.2	-55.2811
99.3	-55.1785
99.4	-55.2875
99.5	-55.1716
99.6	-55.2398
99.7	-55.1413
99.8	-55.222
99.9	-55.2206
