t	v
0	-60
0.1	-59.9989
0.2	-59.9996
0.3	-60
0.4	-60.0003
0.5	-60.0004
0.6	-60.0005
0.7	-60.0005
0.8	-60.0006
0.9	-60.0006
1	-60.0006
1.1	-60.0006
1.2	-60.0006
1.3	-60.0006
1.4	-60.0006
1.5	-60.0006
1.6	-60.0006
1.7	-60.0006
1.8	-60.0006
1.9	-60.0006
2	-60.0006
2.1	-60.0006
2.2	-60.0006
2.3	-60.0006
2.4	-60.0006
2.5	-60.0006
2.6	-60.0006
2.7	-60.0006
2.8	-60.0006
2.9	-60.0006
3	-60.0006
3.1	-60.0006
3.2	-60.0006
3.3	-60.0006
3.4	-60.0006
3.5	-60.0006
3.6	-60.0006
3.7	-60.0006
3.8	-60.0006
3.9	-60.0006
4	-60.0006
4.1	-60.0006
4.2	-60.0006
4.3	-60.0006
4.4	-60.0006
4.5	-60.0006
4.6	-60.0006
4.7	-60.0006
4.8	-60.0006
4.9	-60.0006
5	-60.0006
5.1	-60.0006
5.2	-60.0006
5.3	-60.0006
5.4	-60.0006
5.5	-60.0006
5.6	-60.0006
5.7	-60.0006
5.8	-60.0006
5.9	-60.0006
6	-60.0006
6.1	-60.0006
6.2	-60.0006
6.3	-60.0006
6.4	-60.0006
6.5	-60.0006
6.6	-60.0006
6.7	-60.0006
6.8	-60.0006
6.9	-60.0006
7	-60.0006
7.1	-60.0006
7.2	-60.0006
7.3	-60.0006
7.4	-60.0006
7.5	-60.0006
7.6	-60.0006
7.7	-60.0006
7.8	-60.0006
7.9	-60.0006
8	-60.0006
8.1	-60.0006
8.2	-60.0006
8.3	-60.0006
8.4	-60.0006
8.5	-60.0006
8.6	-60.0006
8.7	-60.0006
8.8	-60.0006
8.9	-60.0006
9	-60.0006
9.1	-60.0006
9.2	-60.0006
9.3	-60.0006
9.4	-60.0006
9.5	-60.0006
9.6	-60.0006
9.7	-60.0006
9.8	-60.0006
9.9	-60.0006
10	-60.0006
10.1	-60.0006
10.2	-60.0006
10.3	-60.0006
10.4	-60.0006
10.5	-60.0006
10.6	-60.0006
10.7	-60.0006
10.8	-60.0006
10.9	-60.0006
11	-60.0006
11.1	-60.0006
11.2	-60.0006
11.3	-60.0006
11.4	-60.0006
11.5	-60.0006
11.6	-60.0006
11.7	-60.0006
11.8	-60.0006
11.9	-60.0006
12	-60.0006
12.1	-60.0006
12.2	-60.0006
12.3	-60.0006
12.4	-60.0006
12.5	-60.0006
12.6	-60.0006
12.7	-60.0006
12.8	-60.0006
12.9	-60.0006
13	-60.0006
13.1	-60.0006
13.2	-60.0006
13.3	-60.0006
13.4	-59.9996
13.5	-59.9964
13.6	-59.9914
13.7	-59.9849
13.8	-59.977
13.9	-59.968
14	-59.9581
14.1	-59.9474
14.2	-59.9362
14.3	-59.9245
14.4	-59.9124
14.5	-59.9001
14.6	-59.8876
14.7	-59.875
14.8	-59.8625
14.9	-59.8499
15	-59.8376
15.1	-59.8253
15.2	-59.8133
15.3	-59.8014
15.4	-59.7899
15.5	-59.7786
15.6	-59.7676
15.7	-59.7569
15.8	-59.7455
15.9	-59.7323
16	-59.7177
16.1	-59.7018
16.2	-59.6849
16.3	-59.6674
16.4	-59.6492
16.5	-59.6306
16.6	-59.6118
16.7	-59.5929
16.8	-59.574
16.9	-59.5551
17	-59.5364
17.1	-59.518
17.2	-59.4999
17.3	-59.4822
17.4	-59.4648
17.5	-59.448
17.6	-59.4316
17.7	-59.4157
17.8	-59.4003
17.9	-59.3855
18	-59.3712
18.1	-59.3575
18.2	-59.3444
18.3	-59.3318
18.4	-59.3198
18.5	-59.3083
18.6	-59.2974
18.7	-59.2871
18.8	-59.2773
18.9	-59.2681
19	-59.2594
19.1	-59.2512
19.2	-59.2435
19.3	-59.2364
19.4	-59.2297
19.5	-59.2235
19.6	-59.2177
19.7	-59.2124
19.8	-59.2076
19.9	-59.2032
20	-59.1992
20.1	-59.1956
20.2	-59.1923
20.3	-59.1895
20.4	-59.187
20.5	-59.1849
20.6	-59.1831
20.7	-59.1817
20.8	-59.1806
20.9	-59.1798
21	-59.1793
21.1	-59.179
21.2	-59.1791
21.3	-59.1794
21.4	-59.18
21.5	-59.1808
21.6	-59.1819
21.7	-59.1831
21.8	-59.1846
21.9	-59.1864
22	-59.1883
22.1	-59.1904
22.2	-59.1927
22.3	-59.1952
22.4	-59.1978
22.5	-59.2006
22.6	-59.2036
22.7	-59.2067
22.8	-59.21
22.9	-59.2134
23	-59.2169
23.1	-59.2205
23.2	-59.2243
23.3	-59.2282
23.4	-59.2322
23.5	-59.2362
23.6	-59.2404
23.7	-59.2447
23.8	-59.249
23.9	-59.2535
24	-59.258
24.1	-59.2626
24.2	-59.2672
24.3	-59.2719
24.4	-59.2767
24.5	-59.2815
24.6	-59.2864
24.7	-59.2913
24.8	-59.2963
24.9	-59.3013
25	-59.3063
25.1	-59.3114
25.2	-59.3165
25.3	-59.3217
25.4	-59.3268
25.5	-59.332
25.6	-59.3372
25.7	-59.3425
25.8	-59.3477
25.9	-59.353
26	-59.3582
26.1	-59.3635
26.2	-59.3688
26.3	-59.3741
26.4	-59.3794
26.5	-59.3846
26.6	-59.3899
26.7	-59.3952
26.8	-59.4005
26.9	-59.4058
27	-59.411
27.1	-59.4163
27.2	-59.4205
27.3	-59.4227
27.4	-59.4229
27.5	-59.4217
27.6	-59.419
27.7	-59.4153
27.8	-59.4107
27.9	-59.4052
28	-59.3992
28.1	-59.3927
28.2	-59.3858
28.3	-59.3786
28.4	-59.3713
28.5	-59.3638
28.6	-59.3563
28.7	-59.3489
28.8	-59.3415
28.9	-59.3343
29	-59.3272
29.1	-59.3203
29.2	-59.3136
29.3	-59.3072
29.4	-59.301
29.5	-59.2951
29.6	-59.2896
29.7	-59.2843
29.8	-59.2793
29.9	-59.2746
30	-59.2702
30.1	-59.2662
30.2	-59.2624
30.3	-59.259
30.4	-59.2559
30.5	-59.2531
30.6	-59.2505
30.7	-59.2483
30.8	-59.2464
30.9	-59.2448
31	-59.2434
31.1	-59.2423
31.2	-59.2415
31.3	-59.241
31.4	-59.2407
31.5	-59.2406
31.6	-59.2408
31.7	-59.2412
31.8	-59.2418
31.9	-59.2426
32	-59.2437
32.1	-59.245
32.2	-59.2464
32.3	-59.248
32.4	-59.2498
32.5	-59.2518
32.6	-59.254
32.7	-59.2563
32.8	-59.2588
32.9	-59.2614
33	-59.2641
33.1	-59.267
33.2	-59.27
33.3	-59.2732
33.4	-59.2764
33.5	-59.2798
33.6	-59.2833
33.7	-59.2869
33.8	-59.2905
33.9	-59.2943
34	-59.2981
34.1	-59.3021
34.2	-59.3061
34.3	-59.3102
34.4	-59.3144
34.5	-59.3186
34.6	-59.3229
34.7	-59.3272
34.8	-59.3316
34.9	-59.3361
35	-59.3406
35.1	-59.3451
35.2	-59.3497
35.3	-59.3543
35.4	-59.359
35.5	-59.3636
35.6	-59.3684
35.7	-59.3731
35.8	-59.3779
35.9	-59.3827
36	-59.3875
36.1	-59.3923
36.2	-59.3971
36.3	-59.402
36.4	-59.4069
36.5	-59.4117
36.6	-59.4166
36.7	-59.4215
36.8	-59.4264
36.9	-59.4312
37	-59.4361
37.1	-59.441
37.2	-59.4459
37.3	-59.4508
37.4	-59.4556
37.5	-59.4605
37.6	-59.4653
37.7	-59.4702
37.8	-59.475
37.9	-59.4798
38	-59.4846
38.1	-59.4894
38.2	-59.4941
38.3	-59.4989
38.4	-59.5036
38.5	-59.5083
38.6	-59.513
38.7	-59.5177
38.8	-59.5223
38.9	-59.527
39	-59.5316
39.1	-59.5361
39.2	-59.5407
39.3	-59.5452
39.4	-59.5497
39.5	-59.5542
39.6	-59.5587
39.7	-59.5631
39.8	-59.5675
39.9	-59.5719
40	-59.5762
40.1	-59.5806
40.2	-59.5848
40.3	-59.5891
40.4	-59.5933
40.5	-59.5975
40.6	-59.6017
40.7	-59.6059
40.8	-59.61
40.9	-59.6141
41	-59.6181
41.1	-59.6221
41.2	-59.6261
41.3	-59.6301
41.4	-59.634
41.5	-59.6379
41.6	-59.6418
41.7	-59.6456
41.8	-59.6494
41.9	-59.6532
42	-59.6569
42.1	-59.6606
42.2	-59.6643
42.3	-59.668
42.4	-59.6716
42.5	-59.6752
42.6	-59.6787
42.7	-59.6822
42.8	-59.6857
42.9	-59.6892
43	-59.6926
43.1	-59.696
43.2	-59.6994
43.3	-59.7027
43.4	-59.706
43.5	-59.7093
43.6	-59.7125
43.7	-59.7157
43.8	-59.7189
43.9	-59.7221
44	-59.7252
44.1	-59.7283
44.2	-59.7313
44.3	-59.7344
44.4	-59.7374
44.5	-59.7403
44.6	-59.7433
44.7	-59.7462
44.8	-59.7491
44.9	-59.7519
45	-59.7547
45.1	-59.7575
45.2	-59.7603
45.3	-59.7631
45.4	-59.7658
45.5	-59.7685
45.6	-59.7711
45.7	-59.7738
45.8	-59.7764
45.9	-59.7789
46	-59.7815
46.1	-59.784
46.2	-59.7865
46.3	-59.789
46.4	-59.7914
46.5	-59.7938
46.6	-59.7962
46.7	-59.7986
46.8	-59.801
46.9	-59.8033
47	-59.8056
47.1	-59.8078
47.2	-59.8101
47.3	-59.8123
47.4	-59.8145
47.5	-59.8167
47.6	-59.8188
47.7	-59.8209
47.8	-59.8231
47.9	-59.8251
48	-59.8272
48.1	-59.8292
48.2	-59.8312
48.3	-59.8332
48.4	-59.8352
48.5	-59.8371
48.6	-59.8391
48.7	-59.841
48.8	-59.8429
48.9	-59.8447
49	-59.8466
49.1	-59.8484
49.2	-59.8502
49.3	-59.852
49.4	-59.8537
49.5	-59.8555
49.6	-59.8572
49.7	-59.8589
49.8	-59.8606
49.9	-59.8622
50	-59.8639
50.1	-59.8655
50.2	-59.8671
50.3	-59.8687
50.4	-59.8703
50.5	-59.8718
50.6	-59.8734
50.7	-59.8749
50.8	-59.8764
50.9	-59.8779
51	-59.8793
51.1	-59.8808
51.2	-59.8822
51.3	-59.8836
51.4	-59.885
51.5	-59.8864
51.6	-59.8878
51.7	-59.8891
51.8	-59.8905
51.9	-59.8918
52	-59.8931
52.1	-59.8944
52.2	-59.8957
52.3	-59.8969
52.4	-59.8982
52.5	-59.8994
52.6	-59.9006
52.7	-59.9018
52.8	-59.903
52.9	-59.9042
53	-59.9053
53.1	-59.9065
53.2	-59.9076
53.3	-59.9087
53.4	-59.9098
53.5	-59.9109
53.6	-59.912
53.7	-59.9131
53.8	-59.9141
53.9	-59.9152
54	-59.9162
54.1	-59.9172
54.2	-59.9182
54.3	-59.9192
54.4	-59.9202
54.5	-59.9212
54.6	-59.9222
54.7	-59.9231
54.8	-59.924
54.9	-59.925
55	-59.9259
55.1	-59.9268
55.2	-59.9277
55.3	-59.9286
55.4	-59.9294
55.5	-59.9303
55.6	-59.9312
55.7	-59.932
55.8	-59.9328
55.9	-59.9337
56	-59.9345
56.1	-59.9353
56.2	-59.9361
56.3	-59.9368
56.4	-59.9376
56.5	-59.9384
56.6	-59.9391
56.7	-59.9399
56.8	-59.9406
56.9	-59.9414
57	-59.9421
57.1	-59.9428
57.2	-59.9435
57.3	-59.9442
57.4	-59.9449
57.5	-59.9456
57.6	-59.9462
57.7	-59.9469
57.8	-59.9475
57.9	-59.9482
58	-59.9488
58.1	-59.9495
58.2	-59.9501
58.3	-59.9507
58.4	-59.9513
58.5	-59.9519
58.6	-59.9525
58.7	-59.9531
58.8	-59.9537
58.9	-59.9542
59	-59.9548
59.1	-59.9554
59.2	-59.9559
59.3	-59.9565
59.4	-59.957
59.5	-59.9575
59.6	-59.9581
59.7	-59.9586
59.8	-59.9591
59.9	-59.9596
60	-59.9601
60.1	-59.9606
60.2	-59.9611
60.3	-59.9616
60.4	-59.962
60.5	-59.9625
60.6	-59.963
60.7	-59.9634
60.8	-59.9639
60.9	-59.9643
61	-59.9648
61.1	-59.9652
61.2	-59.9656
61.3	-59.9661
61.4	-59.9665
61.5	-59.9669
61.6	-59.9673
61.7	-59.9677
61.8	-59.9681
61.9	-59.9685
62	-59.9689
62.1	-59.9693
62.2	-59.9697
62.3	-59.9701
62.4	-59.9704
62.5	-59.9708
62.6	-59.9712
62.7	-59.9715
62.8	-59.9719
62.9	-59.9722
63	-59.9726
63.1	-59.9729
63.2	-59.9733
63.3	-59.9736
63.4	-59.9739
63.5	-59.9743
63.6	-59.9746
63.7	-59.9749
63.8	-59.9752
63.9	-59.9755
64	-59.9758
64.1	-59.9761
64.2	-59.9764
64.3	-59.9767
64.4	-59.977
64.5	-59.9773
64.6	-59.9776
64.7	-59.9779
64.8	-59.9782
64.9	-59.9784
65	-59.9787
65.1	-59.979
65.2	-59.9792
65.3	-59.9795
65.4	-59.9798
65.5	-59.98
65.6	-59.9803
65.7	-59.9805
65.8	-59.9808
65.9	-59.981
66	-59.9812
66.1	-59.9815
66.2	-59.9817
66.3	-59.9819
66.4	-59.9822
66.5	-59.9824
66.6	-59.9828
66.7	-59.9835
66.8	-59.9845
66.9	-59.986
67	-59.9879
67.1	-59.9901
67.2	-59.9927
67.3	-59.9956
67.4	-59.9986
67.5	-60.0018
67.6	-60.0051
67.7	-60.0084
67.8	-60.0118
67.9	-60.0152
68	-60.0185
68.1	-60.0219
68.2	-60.0252
68.3	-60.0284
68.4	-60.0316
68.5	-60.0347
68.6	-60.0377
68.7	-60.0406
68.8	-60.0435
68.9	-60.0463
69	-60.049
69.1	-60.0516
69.2	-60.0541
69.3	-60.0566
69.4	-60.059
69.5	-60.0613
69.6	-60.0635
69.7	-60.0656
69.8	-60.0677
69.9	-60.0697
70	-60.0717
70.1	-60.0735
70.2	-60.0753
70.3	-60.077
70.4	-60.0787
70.5	-60.0803
70.6	-60.0818
70.7	-60.0833
70.8	-60.0847
70.9	-60.086
71	-60.0873
71.1	-60.0886
71.2	-60.0898
71.3	-60.0909
71.4	-60.092
71.5	-60.093
71.6	-60.094
71.7	-60.0949
71.8	-60.0958
71.9	-60.0967
72	-60.0975
72.1	-60.0982
72.2	-60.0989
72.3	-60.0996
72.4	-60.1002
72.5	-60.1008
72.6	-60.1014
72.7	-60.1019
72.8	-60.1024
72.9	-60.1028
73	-60.1032
73.1	-60.1036
73.2	-60.104
73.3	-60.1043
73.4	-60.1046
73.5	-60.1048
73.6	-60.105
73.7	-60.1052
73.8	-60.1054
73.9	-60.1055
74	-60.1057
74.1	-60.1058
74.2	-60.1058
74.3	-60.1059
74.4	-60.1059
74.5	-60.1059
74.6	-60.1059
74.7	-60.1058
74.8	-60.1057
74.9	-60.1056
75	-60.1055
75.1	-60.1054
75.2	-60.1053
75.3	-60.1051
75.4	-60.1049
75.5	-60.1047
75.6	-60.1045
75.7	-60.1043
75.8	-60.1041
75.9	-60.1038
76	-60.1035
76.1	-60.1032
76.2	-60.103
76.3	-60.1026
76.4	-60.1023
76.5	-60.102
76.6	-60.1016
76.7	-60.1013
76.8	-60.1009
76.9	-60.1005
77	-60.1001
77.1	-60.0998
77.2	-60.0993
77.3	-60.0989
77.4	-60.0985
77.5	-60.0981
77.6	-60.0976
77.7	-60.0972
77.8	-60.0967
77.9	-60.0963
78	-60.0958
78.1	-60.0953
78.2	-60.0948
78.3	-60.0944
78.4	-60.0939
78.5	-60.0934
78.6	-60.0929
78.7	-60.0924
78.8	-60.0918
78.9	-60.0913
79	-60.0908
79.1	-60.0903
79.2	-60.0898
79.3	-60.0892
79.4	-60.0887
79.5	-60.0882
79.6	-60.0876
79.7	-60.0871
79.8	-60.0865
79.9	-60.086
80	-60.0854
80.1	-60.0849
80.2	-60.0843
80.3	-60.0838
80.4	-60.0832
80.5	-60.0827
80.6	-60.0821
80.7	-60.0816
80.8	-60.081
80.9	-60.0804
81	-60.0799
81.1	-60.0793
81.2	-60.0788
81.3	-60.0782
81.4	-60.0776
81.5	-60.0771
81.6	-60.0765
81.7	-60.076
81.8	-60.0754
81.9	-60.0748
82	-60.0743
82.1	-60.0737
82.2	-60.0732
82.3	-60.0726
82.4	-60.0721
82.5	-60.0715
82.6	-60.071
82.7	-60.0704
82.8	-60.0699
82.9	-60.0693
83	-60.0688
83.1	-60.0682
83.2	-60.0677
83.3	-60.0671
83.4	-60.0666
83.5	-60.0661
83.6	-60.0655
83.7	-60.065
83.8	-60.0645
83.9	-60.0639
84	-60.0634
84.1	-60.0629
84.2	-60.0623
84.3	-60.0618
84.4	-60.0613
84.5	-60.0608
84.6	-60.0603
84.7	-60.0598
84.8	-60.0593
84.9	-60.0587
85	-60.0582
85.1	-60.0577
85.2	-60.0572
85.3	-60.0567
85.4	-60.0563
85.5	-60.0558
85.6	-60.0553
85.7	-60.0548
85.8	-60.0543
85.9	-60.0538
86	-60.0533
86.1	-60.0529
86.2	-60.0524
86.3	-60.0519
86.4	-60.0515
86.5	-60.051
86.6	-60.0505
86.7	-60.0501
86.8	-60.0496
86.9	-60.0492
87	-60.0487
87.1	-60.0483
87.2	-60.0478
87.3	-60.0474
87.4	-60.047
87.5	-60.0465
87.6	-60.0461
87.7	-60.0457
87.8	-60.0452
87.9	-60.0448
88	-60.0444
88.1	-60.044
88.2	-60.0436
88.3	-60.0432
88.4	-60.0428
88.5	-60.0424
88.6	-60.042
88.7	-60.0416
88.8	-60.0412
88.9	-60.0408
89	-60.0404
89.1	-60.04
89.2	-60.0396
89.3	-60.0392
89.4	-60.0389
89.5	-60.0385
89.6	-60.0381
89.7	-60.0377
89.8	-60.0374
89.9	-60.037
90	-60.0366
90.1	-60.0363
90.2	-60.0359
90.3	-60.0356
90.4	-60.0352
90.5	-60.0349
90.6	-60.0346
90.7	-60.0342
90.8	-60.0339
90.9	-60.0335
91	-60.0332
91.1	-60.0329
91.2	-60.0326
91.3	-60.0322
91.4	-60.0319
91.5	-60.0316
91.6	-60.0313
91.7	-60.031
91.8	-60.0307
91.9	-60.0303
92	-60.03
92.1	-60.0297
92.2	-60.0294
92.3	-60.0291
92.4	-60.0289
92.5	-60.0286
92.6	-60.0283
92.7	-60.028
92.8	-60.0277
92.9	-60.0274
93	-60.0271
93.1	-60.0269
93.2	-60.0266
93.3	-60.0263
93.4	-60.0261
93.5	-60.0258
93.6	-60.0255
93.7	-60.0253
93.8	-60.025
93.9	-60.0248
94	-60.0245
94.1	-60.0242
94.2	-60.024
94.3	-60.0238
94.4	-60.0235
94.5	-60.0233
94.6	-60.023
94.7	-60.0228
94.8	-60.0226
94.9	-60.0223
95	-60.0221
95.1	-60.0219
95.2	-59.9916
95.3	-59.9422
95.4	-59.8932
95.5	-59.8429
95.6	-59.7982
95.7	-59.757
95.8	-59.7219
95.9	-59.6515
96	-59.5724
96.1	-59.4996
96.2	-59.4296
96.3	-59.3711
96.4	-59.3183
96.5	-59.2761
96.6	-59.2396
96.7	-59.2113
96.8	-59.1878
96.9	-59.1705
97	-59.1567
97.1	-59.1475
97.2	-59.1409
97.3	-59.1374
97.4	-59.1359
97.5	-59.1365
97.6	-59.1385
97.7	-59.1419
97.8	-59.1464
97.9	-59.1518
98	-59.1579
98.1	-59.1646
98.2	-59.1718
98.3	-59.1794
98.4	-59.1872
98.5	-59.1954
98.6	-59.2037
98.7	-59.2122
98.8	-59.2207
98.9	-59.2293
99	-59.238
99.1	-59.2467
99.2	-59.2554
99.3	-59.264
99.4	-59.2726
99.5	-59.2812
99.6	-59.2898
99.7	-59.2982
99.8	-59.3066
99.9	-59.2163
