t	v
0	-60
0.1	-62.5826
0.2	-64.6234
0.3	-66.1747
0.4	-67.3429
0.5	-68.2204
0.6	-68.8791
0.7	-69.3736
0.8	-69.7446
0.9	-70.0227
1	-70.231
1.1	-70.3866
1.2	-70.5025
1.3	-70.5883
1.4	-70.6514
1.5	-70.6974
1.6	-70.7303
1.7	-70.7534
1.8	-70.769
1.9	-70.7791
2	-70.7849
2.1	-70.7875
2.2	-70.7878
2.3	-70.7864
2.4	-70.7837
2.5	-70.7802
2.6	-70.776
2.7	-70.7715
2.8	-70.7667
2.9	-70.7619
3	-70.757
3.1	-70.7522
3.2	-70.7476
3.3	-70.7431
3.4	-70.7388
3.5	-70.7346
3.6	-70.7307
3.7	-70.727
3.8	-70.7235
3.9	-70.7201
4	-70.717
4.1	-70.717
4.2	-70.7169
4.3	-70.7169
4.4	-70.7169
4.5	-70.7168
4.6	-70.7168
4.7	-70.7168
4.8	-70.7167
4.9	-70.7167
5	-70.7166
5.1	-70.7166
5.2	-70.7166
5.3	-70.7165
5.4	-70.7165
5.5	-70.7164
5.6	-70.7164
5.7	-70.7164
5.8	-70.7163
5.9	-70.7163
6	-70.7163
6.1	-70.7162
6.2	-70.7162
6.3	-70.7161
6.4	-70.7161
6.5	-70.7161
6.6	-70.716
6.7	-70.716
6.8	-70.716
6.9	-70.7159
7	-70.7159
7.1	-70.7158
7.2	-70.7158
7.3	-70.7158
7.4	-70.7157
7.5	-70.7157
7.6	-70.7157
7.7	-70.7156
7.8	-70.7156
7.9	-70.7155
8	-70.7155
8.1	-70.7155
8.2	-70.7154
8.3	-70.7154
8.4	-70.7154
8.5	-70.7153
8.6	-70.7153
8.7	-70.7152
8.8	-70.7152
8.9	-70.7152
9	-70.7151
9.1	-70.7151
9.2	-70.7151
9.3	-70.715
9.4	-70.715
9.5	-70.715
9.6	-70.7149
9.7	-70.7149
9.8	-70.7148
9.9	-70.7148
10	-70.7148
10.1	-70.7147
10.2	-70.7147
10.3	-70.7147
10.4	-70.7146
10.5	-70.7146
10.6	-70.7146
10.7	-70.7145
10.8	-70.7145
10.9	-70.7144
11	-70.7144
11.1	-70.7144
11.2	-70.7143
11.3	-70.7143
11.4	-70.7143
11.5	-70.7142
11.6	-70.7142
11.7	-70.7142
11.8	-70.7141
11.9	-70.7141
12	-70.7141
12.1	-70.714
12.2	-70.714
12.3	-70.714
12.4	-70.7139
12.5	-70.7139
12.6	-70.7138
12.7	-70.7138
12.8	-70.7138
12.9	-70.7137
13	-70.7137
13.1	-70.7137
13.2	-70.7136
13.3	-70.7136
13.4	-70.7136
13.5	-70.7121
13.6	-70.7074
13.7	-70.6996
13.8	-70.6892
13.9	-70.6765
14	-70.6617
14.1	-70.6451
14.2	-70.6271
14.3	-70.6079
14.4	-70.5876
14.5	-70.5666
14.6	-70.5449
14.7	-70.5227
14.8	-70.5002
14.9	-70.4775
15	-70.4547
15.1	-70.4319
15.2	-70.4091
15.3	-70.3865
15.4	-70.364
15.5	-70.3419
15.6	-70.32
15.7	-70.2984
15.8	-70.2772
15.9	-70.2564
16	-70.236
16.1	-70.2161
16.2	-70.1965
16.3	-70.1775
16.4	-70.1589
16.5	-70.1407
16.6	-70.1163
16.7	-70.0784
16.8	-70.037
16.9	-69.9956
17	-69.9549
17.1	-69.917
17.2	-69.8813
17.3	-69.8488
17.4	-69.8187
17.5	-69.7914
17.6	-69.7664
17.7	-69.7436
17.8	-69.7227
17.9	-69.7038
18	-69.6863
18.1	-69.6703
18.2	-69.6555
18.3	-69.6419
18.4	-69.6293
18.5	-69.6176
18.6	-69.6068
18.7	-69.5967
18.8	-69.5873
18.9	-69.5785
19	-69.5702
19.1	-69.5625
19.2	-69.5553
19.3	-69.5485
19.4	-69.5422
19.5	-69.5362
19.6	-69.5306
19.7	-69.5253
19.8	-69.5204
19.9	-69.5157
20	-69.5114
20.1	-69.5073
20.2	-69.5035
20.3	-69.4999
20.4	-69.4966
20.5	-69.4935
20.6	-69.4906
20.7	-69.488
20.8	-69.4855
20.9	-69.4833
21	-69.4812
21.1	-69.4793
21.2	-69.4776
21.3	-69.4761
21.4	-69.4747
21.5	-69.4735
21.6	-69.4725
21.7	-69.4716
21.8	-69.4708
21.9	-69.4702
22	-69.4697
22.1	-69.4694
22.2	-69.4691
22.3	-69.4691
22.4	-69.4691
22.5	-69.4692
22.6	-69.4695
22.7	-69.4698
22.8	-69.4703
22.9	-69.4708
23	-69.4715
23.1	-69.4723
23.2	-69.4731
23.3	-69.4741
23.4	-69.4751
23.5	-69.4762
23.6	-69.4774
23.7	-69.4787
23.8	-69.48
23.9	-69.4814
24	-69.4829
24.1	-69.4845
24.2	-69.4861
24.3	-69.4878
24.4	-69.4896
24.5	-69.4914
24.6	-69.4933
24.7	-69.4952
24.8	-69.4972
24.9	-69.4992
25	-69.5013
25.1	-69.5035
25.2	-69.5056
25.3	-69.5079
25.4	-69.5101
25.5	-69.5125
25.6	-69.5148
25.7	-69.5172
25.8	-69.5197
25.9	-69.5221
26	-69.5246
26.1	-69.5272
26.2	-69.5298
26.3	-69.5324
26.4	-69.535
26.5	-69.5377
26.6	-69.5404
26.7	-69.5431
26.8	-69.5458
26.9	-69.5486
27	-69.5514
27.1	-69.5542
27.2	-69.5571
27.3	-69.5599
27.4	-69.5628
27.5	-69.5657
27.6	-69.5686
27.7	-69.5716
27.8	-69.5745
27.9	-69.5775
28	-69.5805
28.1	-69.5835
28.2	-69.5865
28.3	-69.5895
28.4	-69.5925
28.5	-69.5956
28.6	-69.5987
28.7	-69.6017
28.8	-69.6048
28.9	-69.6079
29	-69.611
29.1	-69.6141
29.2	-69.6172
29.3	-69.6203
29.4	-69.6235
29.5	-69.6266
29.6	-69.6297
29.7	-69.6329
29.8	-69.636
29.9	-69.6392
30	-69.6423
30.1	-69.6455
30.2	-69.6487
30.3	-69.6518
30.4	-69.655
30.5	-69.6582
30.6	-69.6613
30.7	-69.6645
30.8	-69.6677
30.9	-69.6708
31	-69.674
31.1	-69.6772
31.2	-69.6804
31.3	-69.6835
31.4	-69.6867
31.5	-69.6899
31.6	-69.6931
31.7	-69.6962
31.8	-69.6994
31.9	-69.7026
32	-69.7057
32.1	-69.7089
32.2	-69.712
32.3	-69.7152
32.4	-69.7183
32.5	-69.7215
32.6	-69.7246
32.7	-69.7278
32.8	-69.7309
32.9	-69.734
33	-69.7371
33.1	-69.7403
33.2	-69.7434
33.3	-69.7465
33.4	-69.7496
33.5	-69.7527
33.6	-69.7558
33.7	-69.7589
33.8	-69.762
33.9	-69.7651
34	-69.7681
34.1	-69.7712
34.2	-69.7743
34.3	-69.7773
34.4	-69.7804
34.5	-69.7834
34.6	-69.7865
34.7	-69.7895
34.8	-69.7925
34.9	-69.7955
35	-69.7986
35.1	-69.8016
35.2	-69.8046
35.3	-69.8076
35.4	-69.8105
35.5	-69.8135
35.6	-69.8165
35.7	-69.8195
35.8	-69.8224
35.9	-69.8254
36	-69.8283
36.1	-69.8313
36.2	-69.8342
36.3	-69.8371
36.4	-69.84
36.5	-69.8429
36.6	-69.8458
36.7	-69.8487
36.8	-69.8516
36.9	-69.8545
37	-69.8573
37.1	-69.8602
37.2	-69.8631
37.3	-69.8659
37.4	-69.8687
37.5	-69.8716
37.6	-69.8744
37.7	-69.8772
37.8	-69.88
37.9	-69.8828
38	-69.8856
38.1	-69.8884
38.2	-69.8912
38.3	-69.8939
38.4	-69.8967
38.5	-69.8994
38.6	-69.9022
38.7	-69.9049
38.8	-69.9076
38.9	-69.9104
39	-69.9131
39.1	-69.9158
39.2	-69.9185
39.3	-69.9211
39.4	-69.9238
39.5	-69.9265
39.6	-69.9292
39.7	-69.9318
39.8	-69.9345
39.9	-69.9371
40	-69.9397
40.1	-69.9423
40.2	-69.945
40.3	-69.9476
40.4	-69.9502
40.5	-69.9527
40.6	-69.9553
40.7	-69.9579
40.8	-69.9605
40.9	-69.963
41	-69.9656
41.1	-69.9681
41.2	-69.9706
41.3	-69.9732
41.4	-69.9757
41.5	-69.9782
41.6	-69.9807
41.7	-69.9832
41.8	-69.9857
41.9	-69.9882
42	-69.9906
42.1	-69.9931
42.2	-69.9955
42.3	-69.998
42.4	-70.0004
42.5	-70.0029
42.6	-70.0053
42.7	-70.0077
42.8	-70.0101
42.9	-70.0125
43	-70.0149
43.1	-70.0173
43.2	-70.0196
43.3	-70.022
43.4	-70.0244
43.5	-70.0267
43.6	-70.0291
43.7	-70.0314
43.8	-70.0337
43.9	-70.0361
44	-70.0384
44.1	-70.0407
44.2	-70.043
44.3	-70.0453
44.4	-70.0476
44.5	-70.0498
44.6	-70.0521
44.7	-70.0544
44.8	-70.0566
44.9	-70.0589
45	-70.0611
45.1	-70.0633
45.2	-70.0656
45.3	-70.0678
45.4	-70.07
45.5	-70.0722
45.6	-70.0744
45.7	-70.0766
45.8	-70.0787
45.9	-70.0809
46	-70.0831
46.1	-70.0852
46.2	-70.0874
46.3	-70.0895
46.4	-70.0917
46.5	-70.0938
46.6	-70.0959
46.7	-70.098
46.8	-70.1001
46.9	-70.1022
47	-70.1043
47.1	-70.1064
47.2	-70.1085
47.3	-70.1106
47.4	-70.1126
47.5	-70.1147
47.6	-70.1167
47.7	-70.1188
47.8	-70.1208
47.9	-70.1229
48	-70.1249
48.1	-70.1269
48.2	-70.1289
48.3	-70.1309
48.4	-70.1329
48.5	-70.1349
48.6	-70.1369
48.7	-70.1389
48.8	-70.1408
48.9	-70.1428
49	-70.1447
49.1	-70.1467
49.2	-70.1486
49.3	-70.1506
49.4	-70.1525
49.5	-70.1544
49.6	-70.1563
49.7	-70.1583
49.8	-70.1602
49.9	-70.1621
50	-70.1639
50.1	-70.1658
50.2	-70.1677
50.3	-70.1696
50.4	-70.1714
50.5	-70.1733
50.6	-70.1751
50.7	-70.177
50.8	-70.1788
50.9	-70.1807
51	-70.1825
51.1	-70.1843
51.2	-70.1861
51.3	-70.1879
51.4	-70.1897
51.5	-70.1915
51.6	-70.1933
51.7	-70.1951
51.8	-70.1969
51.9	-70.1987
52	-70.2004
52.1	-70.2022
52.2	-70.2039
52.3	-70.2057
52.4	-70.2074
52.5	-70.2092
52.6	-70.2109
52.7	-70.2126
52.8	-70.2143
52.9	-70.216
53	-70.2177
53.1	-70.2194
53.2	-70.2211
53.3	-70.2228
53.4	-70.2245
53.5	-70.2262
53.6	-70.2279
53.7	-70.2295
53.8	-70.2312
53.9	-70.2328
54	-70.2345
54.1	-70.2361
54.2	-70.2378
54.3	-70.2394
54.4	-70.241
54.5	-70.2426
54.6	-70.2442
54.7	-70.2459
54.8	-70.2475
54.9	-70.2491
55	-70.2506
55.1	-70.2522
55.2	-70.2538
55.3	-70.2554
55.4	-70.257
55.5	-70.2585
55.6	-70.2601
55.7	-70.2616
55.8	-70.2632
55.9	-70.2647
56	-70.2663
56.1	-70.2678
56.2	-70.2693
56.3	-70.2708
56.4	-70.2724
56.5	-70.2739
56.6	-70.2754
56.7	-70.2769
56.8	-70.2784
56.9	-70.2799
57	-70.2813
57.1	-70.2828
57.2	-70.2843
57.3	-70.2858
57.4	-70.2872
57.5	-70.2887
57.6	-70.2901
57.7	-70.2916
57.8	-70.293
57.9	-70.2945
58	-70.2959
58.1	-70.2973
58.2	-70.2988
58.3	-70.3002
58.4	-70.3016
58.5	-70.303
58.6	-70.3044
58.7	-70.3058
58.8	-70.3072
58.9	-70.3086
59	-70.31
59.1	-70.3114
59.2	-70.3127
59.3	-70.3141
59.4	-70.3155
59.5	-70.3168
59.6	-70.3182
59.7	-70.3195
59.8	-70.3209
59.9	-70.3222
60	-70.3236
60.1	-70.3249
60.2	-70.3262
60.3	-70.3276
60.4	-70.3289
60.5	-70.3302
60.6	-70.3315
60.7	-70.3328
60.8	-70.3341
60.9	-70.3354
61	-70.3367
61.1	-70.338
61.2	-70.3393
61.3	-70.3405
61.4	-70.3418
61.5	-70.3431
61.6	-70.3444
61.7	-70.3456
61.8	-70.3469
61.9	-70.3481
62	-70.3494
62.1	-70.3506
62.2	-70.3519
62.3	-70.3531
62.4	-70.3543
62.5	-70.3555
62.6	-70.3568
62.7	-70.358
62.8	-70.3592
62.9	-70.3604
63	-70.3616
63.1	-70.3628
63.2	-70.364
63.3	-70.3652
63.4	-70.3664
63.5	-70.3676
63.6	-70.3687
63.7	-70.3699
63.8	-70.3711
63.9	-70.3723
64	-70.3734
64.1	-70.3746
64.2	-70.3757
64.3	-70.3769
64.4	-70.378
64.5	-70.3792
64.6	-70.3803
64.7	-70.3814
64.8	-70.3826
64.9	-70.3837
65	-70.3848
65.1	-70.3859
65.2	-70.3871
65.3	-70.3882
65.4	-70.3893
65.5	-70.3904
65.6	-70.3915
65.7	-70.3926
65.8	-70.3937
65.9	-70.3948
66	-70.3958
66.1	-70.3969
66.2	-70.398
66.3	-70.3991
66.4	-70.4001
66.5	-70.4012
66.6	-70.4023
66.7	-70.4033
66.8	-70.4044
66.9	-70.4054
67	-70.4065
67.1	-70.4075
67.2	-70.4085
67.3	-70.4096
67.4	-70.4106
67.5	-70.4116
67.6	-70.4127
67.7	-70.4137
67.8	-70.4147
67.9	-70.4157
68	-70.4167
68.1	-70.4177
68.2	-70.4187
68.3	-70.4197
68.4	-70.4207
68.5	-70.4217
68.6	-70.4227
68.7	-70.4237
68.8	-70.4247
68.9	-70.4257
69	-70.4266
69.1	-70.4276
69.2	-70.4286
69.3	-70.4295
69.4	-70.4305
69.5	-70.4315
69.6	-70.4324
69.7	-70.4334
69.8	-70.4343
69.9	-70.4353
70	-70.4362
70.1	-70.4371
70.2	-70.4381
70.3	-70.439
70.4	-70.4399
70.5	-70.4408
70.6	-70.4418
70.7	-70.4427
70.8	-70.4436
70.9	-70.4445
71	-70.4454
71.1	-70.4463
71.2	-70.4472
71.3	-70.4481
71.4	-70.449
71.5	-70.4499
71.6	-70.4508
71.7	-70.4517
71.8	-70.4526
71.9	-70.4534
72	-70.4543
72.1	-70.4552
72.2	-70.4561
72.3	-70.4569
72.4	-70.4578
72.5	-70.4587
72.6	-70.4595
72.7	-70.4604
72.8	-70.4612
72.9	-70.4621
73	-70.4629
73.1	-70.4638
73.2	-70.4646
73.3	-70.4654
73.4	-70.4663
73.5	-70.4671
73.6	-70.4679
73.7	-70.4688
73.8	-70.4696
73.9	-70.4704
74	-70.4712
74.1	-70.472
74.2	-70.4728
74.3	-70.4736
74.4	-70.4744
74.5	-70.4752
74.6	-70.476
74.7	-70.4768
74.8	-70.4776
74.9	-70.4784
75	-70.4792
75.1	-70.48
75.2	-70.4808
75.3	-70.4816
75.4	-70.4823
75.5	-70.4831
75.6	-70.4839
75.7	-70.4846
75.8	-70.4854
75.9	-70.4862
76	-70.4869
76.1	-70.4877
76.2	-70.4884
76.3	-70.4892
76.4	-70.4899
76.5	-70.4907
76.6	-70.4914
76.7	-70.4922
76.8	-70.4929
76.9	-70.4937
77	-70.4944
77.1	-70.4951
77.2	-70.4958
77.3	-70.4966
77.4	-70.4973
77.5	-70.498
77.6	-70.4987
77.7	-70.4994
77.8	-70.5002
77.9	-70.5009
78	-70.5016
78.1	-70.5023
78.2	-70.503
78.3	-70.5037
78.4	-70.5044
78.5	-70.5051
78.6	-70.5058
78.7	-70.5064
78.8	-70.5071
78.9	-70.5078
79	-70.5085
79.1	-70.5092
79.2	-70.5099
79.3	-70.5105
79.4	-70.5112
79.5	-70.5119
79.6	-70.5125
79.7	-70.5132
79.8	-70.5139
79.9	-70.5145
80	-70.5152
80.1	-70.5158
80.2	-70.5165
80.3	-70.5172
80.4	-70.5178
80.5	-70.5184
80.6	-70.5191
80.7	-70.5197
80.8	-70.5204
80.9	-70.521
81	-70.5216
81.1	-70.5223
81.2	-70.5229
81.3	-70.5235
81.4	-70.5242
81.5	-70.5248
81.6	-70.5254
81.7	-70.526
81.8	-70.5266
81.9	-70.5273
82	-70.5279
82.1	-70.5285
82.2	-70.5291
82.3	-70.5297
82.4	-70.5303
82.5	-70.5309
82.6	-70.5315
82.7	-70.5321
82.8	-70.5327
82.9	-70.5333
83	-70.5339
83.1	-70.5345
83.2	-70.535
83.3	-70.5356
83.4	-70.5362
83.5	-70.5368
83.6	-70.5374
83.7	-70.5379
83.8	-70.5385
83.9	-70.5391
84	-70.5397
84.1	-70.5402
84.2	-70.5408
84.3	-70.5413
84.4	-70.5419
84.5	-70.5425
84.6	-70.543
84.7	-70.5436
84.8	-70.5441
84.9	-70.5447
85	-70.5452
85.1	-70.5458
85.2	-70.5463
85.3	-70.5469
85.4	-70.5474
85.5	-70.5479
85.6	-70.5485
85.7	-70.549
85.8	-70.5496
85.9	-70.5501
86	-70.5506
86.1	-70.5511
86.2	-70.5517
86.3	-70.5522
86.4	-70.5527
86.5	-70.5532
86.6	-70.5537
86.7	-70.5543
86.8	-70.5548
86.9	-70.5553
87	-70.5558
87.1	-70.5563
87.2	-70.5568
87.3	-70.5573
87.4	-70.5578
87.5	-70.5583
87.6	-70.5588
87.7	-70.5593
87.8	-70.5598
87.9	-70.5603
88	-70.5608
88.1	-70.5613
88.2	-70.5618
88.3	-70.5623
88.4	-70.5628
88.5	-70.5632
88.6	-70.5637
88.7	-70.5642
88.8	-70.5647
88.9	-70.5652
89	-70.5656
89.1	-70.5661
89.2	-70.5666
89.3	-70.567
89.4	-70.5675
89.5	-70.568
89.6	-70.5684
89.7	-70.5689
89.8	-70.5694
89.9	-70.5698
90	-70.5703
90.1	-70.5707
90.2	-70.5712
90.3	-70.5716
90.4	-70.5721
90.5	-70.5725
90.6	-70.573
90.7	-70.5734
90.8	-70.5739
90.9	-70.5743
91	-70.5748
91.1	-70.5752
91.2	-70.5756
91.3	-70.5761
91.4	-70.5765
91.5	-70.5769
91.6	-70.5774
91.7	-70.5778
91.8	-70.5782
91.9	-70.5786
92	-70.5791
92.1	-70.5795
92.2	-70.5799
92.3	-70.5803
92.4	-70.5808
92.5	-70.5812
92.6	-70.5816
92.7	-70.582
92.8	-70.5824
92.9	-70.5828
93	-70.5832
93.1	-70.5836
93.2	-70.584
93.3	-70.5845
93.4	-70.5849
93.5	-70.5853
93.6	-70.5857
93.7	-70.5861
93.8	-70.5865
93.9	-70.5868
94	-70.5872
94.1	-70.5876
94.2	-70.588
94.3	-70.5884
94.4	-70.5888
94.5	-70.5892
94.6	-70.5896
94.7	-70.59
94.8	-70.5903
94.9	-70.5907
95	-70.5911
95.1	-70.5915
95.2	-70.5919
95.3	-70.5922
95.4	-70.5926
95.5	-70.593
95.6	-70.5934
95.7	-70.5937
95.8	-70.5941
95.9	-70.5945
96	-70.5948
96.1	-70.5952
96.2	-70.5956
96.3	-70.5959
96.4	-70.5963
96.5	-70.5966
96.6	-70.597
96.7	-70.5974
96.8	-70.5977
96.9	-70.5981
97	-70.5984
97.1	-70.5988
97.2	-70.5991
97.3	-70.5995
97.4	-70.5998
97.5	-70.6002
97.6	-70.6005
97.7	-70.6008
97.8	-70.6012
97.9	-70.6015
98	-70.6019
98.1	-70.6022
98.2	-70.6025
98.3	-70.6029
98.4	-70.6032
98.5	-70.6036
98.6	-70.6039
98.7	-70.6042
98.8	-70.6045
98.9	-70.6049
99	-70.6052
99.1	-70.6055
99.2	-70.6059
99.3	-70.6062
99.4	-70.6065
99.5	-70.6068
99.6	-70.6071
99.7	-70.6075
99.8	-70.6078
99.9	-70.6081
